CP CANAVERAL SLOSH BASIN(69X89)             REVISED  10:19:2009--15:48  
103.873108                    X-AXIS SLOPE ON LINE FRM ORIGN TO MOUTH   
28.410833 80.584166           LAT/LONG OF MOUTH POINT (ALT0,ALN0)       
1.87147                       DEGREE DIFF BETW RAYS ON POLAR GRID       
   28   40   26   62          GRID LINES FROM ORIGIN (IB,IE,JB,JE)      
 08.        08.       08.     TIME STEPS 
  36.016610                    MILES TO MOUTH FROM POLAR ORIGIN
370                   TOTAL NUMBER OF BARRIER POINTS,(I,J,HW)
  7 6032.  8 40 4.  9 39 4.  9 40 4. 10 39 5. 11 39 5. 11 55 6.BARR  1
 12 39 5. 12 55 5. 13 39 5. 13 52 3. 13 53 2. 13 54 2. 13 55 4.BARR  2
 13 59 6. 14 38 5. 14 39 5. 14 40 3. 14 52 3. 14 58 6. 14 59 6.BARR  3
 15 38 6. 15 40 3. 15 41 3. 15 42 4. 15 57 5. 15 58 5. 16 21 5.BARR  4
 16 22 5. 16 38 6. 16 42 4. 16 43 3. 16 57 5. 17 22 5. 17 23 7.BARR  5
 17 32 4. 17 38 6. 17 43 3. 17 44 3. 17 45 3. 17 46 3. 17 47 3.BARR  6
 17 59 3. 17 6930. 18 32 6. 18 38 6. 18 6930. 18 7030. 19 32 6.BARR  7
 19 33 6. 19 38 6. 19 7030. 19 7130. 20 18 6. 20 24 6. 20 38 7.BARR  8
 20 60 1. 20 7130. 21 24 6. 21 3810. 21 39 7. 21 45 7. 21 46 7.BARR  9
 21 47 7. 21 48 7. 21 49 7. 22 1711. 22 24 6. 22 39 7. 22 40 7.BARR 10
 22 41 7. 22 47 8. 22 48 8. 22 49 8. 23 16 9. 23 17 9. 23 24 6.BARR 11
 23 25 6. 23 26 4. 23 41 7. 23 42 7. 23 43 7. 23 44 7. 23 45 7.BARR 12
 23 46 8. 23 47 8. 23 59 1. 24 16 8. 24 20 8. 24 25 6. 24 36 5.BARR 13
 24 37 6. 24 38 6. 24 46 5. 24 58 7. 24 59 7. 24 60 7. 24 61 6.BARR 14
 24 62 6. 25 1517. 25 1617. 25 18 6. 25 19 6. 25 20 6. 25 21 6.BARR 15
 25 25 6. 25 26 6. 25 27 6. 25 36 6. 25 37 6. 25 62 7. 25 63 7.BARR 16
 25 64 8. 25 6510. 25 6610. 25 68 3. 25 69 3. 25 70 3. 26 1412.BARR 17
 26 1512. 26 17 4. 26 18 4. 26 21 4. 26 27 6. 26 36 6. 26 44 6.BARR 18
 26 6610. 26 6710. 26 6810. 26 70 3. 27 1410. 27 16 3. 27 17 3.BARR 19
 27 21 4. 27 22 4. 27 35 6. 27 36 6. 27 37 7. 27 38 7. 27 44 6.BARR 20
 27 45 6. 27 46 6. 28 14 9. 28 16 3. 28 24 9. 28 2510. 28 2612.BARR 21
 28 37 6. 28 38 6. 28 39 7. 28 40 6. 28 41 6. 28 42 6. 28 43 6.BARR 22
 28 46 6. 28 47 8. 28 48 7. 28 4915. 28 5013. 28 5111. 28 52 6.BARR 23
 28 53 7. 28 54 7. 28 55 6. 28 56 7. 28 57 7. 28 58 8. 28 59 7.BARR 24
 28 60 9. 29 13 8. 29 1415. 29 2111. 29 2212. 29 2310. 29 24 9.BARR 25
 29 25 9. 29 26 9. 29 29 8. 29 4310. 29 44 8. 29 45 5. 29 46 5.BARR 26
 29 6013. 29 61 9. 29 6210. 30 12 5. 30 13 5. 30 1910. 30 2011.BARR 27
 30 2111. 30 29 8. 30 30 8. 30 36 7. 30 3712. 30 3812. 30 3913.BARR 28
 30 4013. 30 4114. 30 4214. 30 4310. 30 6213. 30 63 8. 30 64 7.BARR 29
 30 65 7. 31 12 6. 31 17 9. 31 1811. 31 1910. 31 30 9. 31 34 8.BARR 30
 31 35 7. 31 36 7. 31 65 8. 31 66 7. 31 6711. 32 11 5. 32 12 5.BARR 31
 32 1610. 32 1711. 32 30 9. 32 31 9. 32 32 9. 32 33 8. 32 34 7.BARR 32
 32 6712. 32 6813. 33 11 6. 33 1510. 33 1610. 33 31 9. 33 32 9.BARR 33
 33 6813. 33 6917. 33 7018. 34 10 7. 34 11 7. 34 1410. 34 1511.BARR 34
 34 7018. 34 7116. 35 10 8. 35 1310. 35 14 9. 35 7115. 35 7215.BARR 35
 36 10 7. 36 1211. 36 1311. 36 7215. 36 7316. 37  9 5. 37 10 5.BARR 36
 37 1113. 37 1212. 37 7314. 37 7413. 38  9 7. 38 1112. 38 74 7.BARR 37
 38 75 7. 39 1013. 39 1113. 39 7510. 39 76 9. 40  913. 40 1013.BARR 38
 40 7610. 40 7712. 41  913. 41 7713. 41 7814. 42  814. 42  914.BARR 39
 42 7812. 42 7911. 43  815. 43 7914. 44  815. 44 7913. 44 8013.BARR 40
 45  714. 45  814. 45 8013. 45 8113. 45 8313. 46  713. 46 8115.BARR 41
 46 82 9. 46 83 9. 47  714. 47 8115. 47 8214. 47 83 9. 48  715.BARR 42
 48 8214. 48 83 9. 48 84 9. 49  615. 49  715. 49 8215. 49 8314.BARR 43
 49 84 9. 50  613. 50 8312. 50 84 9. 50 85 9. 51  612. 51 8317.BARR 44
 51 8416. 51 8510. 52  616. 52 8416. 52 8516. 53  427. 53  611.BARR 45
 53 8414. 53 8516. 53 8615. 54  430. 54  613. 54 8416. 54 8516.BARR 46
 54 8615. 55  430. 55  5 7. 55  6 7. 55 8517. 55 8614. 56  430.BARR 47
 56  511. 56 8514. 56 8611. 57  427. 57  514. 57 8517. 57 8617.BARR 48
 58  516. 58 8618. 59  513. 59 8615. 60  412. 60  512. 60 8615.BARR 49
 61  327. 61  412. 61 8615. 61 8715. 62  226. 62  326. 62  412.BARR 50
 62 8713. 63  232. 63  310. 63  410. 63 8714. 64  236. 64  310.BARR 51
 64 8712. 65  230. 65  3 8. 65 8710. 65 8810. 66  224. 66  3 6.BARR 52
 66 88 6. 67  230. 67  3 8. 67 88 6. 68  228. 68 8817.         BARR 53
334 X                 TOTAL NUMBER 1D FLOW POINTS,(I,J,ISIDE,IANG)
  1 46 4     1 47 4     2 57 2     2 75 4     2 76 4 45  2 77 2-45F   1
  3 39 4     3 40 4     3 41 4     3 54 4     3 55 2     3 56 3   F   2
  3 57 3     3 77 4     3 78 4     3 79 2-45  4 55 2     4 57 1   F   3
  4 58 3     4 79 4 45  4 80 2-45  5 39 4     5 40 4     5 41 4   F   4
  5 42 2     5 45 2     5 55 2     5 58 1     5 59 3     5 80 2   F   5
  6 27 3     6 28 3     6 29 3     6 36 2     6 42 2     6 55 2   F   6
  6 59 1     6 60 2     6 66 2     6 80 2     7 60 4     7 61 4   F   7
  7 62 2     7 66 2     7 80 2     8 39 3     8 62 4     8 63 2   F   8
  8 80 2     9 34 4     9 38 3     9 39 3     9 80 2    10 64 1-60F   9
 10 65 3 45 10 80 2    11 30 3    11 54 3    11 55 3    11 56 3   F  10
 11 57 3  9 11 65 1-30 11 66 3 30 11 80 2    12 27 3    12 28 3   F  11
 12 57 1    12 58 3    12 59 3    13 25 2 45 13 53 3    14 24 3   F  12
 14 25 3-45 14 54 1    15 20 2    15 22 3    15 57 4    16 22 1   F  13
 17 22 3    17 23 2    17 33 3    17 34 3    17 35 3    17 36 3   F  14
 17 46 2    17 47 3    17 70 3    18 18 2 30 18 19 3-60 18 23 2   F  15
 18 28 3    18 29 3    18 30 3    18 58 1    19 18 3-60 19 23 4   F  16
 19 24 2    19 26 3    19 32 3    20 18 1    20 23 2    20 24 2   F  17
 20 58 4    21 16 2 30 21 21 2    21 22 3    21 23 3    21 24 2   F  18
 21 38 2    21 44 2    21 46 3    21 47 3    21 48 3    21 49 3   F  19
 22 15 2 30 22 16 3-60 22 19 2 45 22 20 3    22 21 3    22 24 4   F  20
 22 48 4    23 18 2 40 23 19 3-50 23 36 3    23 37 3    23 38 2   F  21
 23 41 3    23 57 4    23 59 3    24 14 2 30 24 17 2 35 24 18 3-55F  22
 24 23 2 65 24 24 3    24 36 1    24 45 2    24 46 3    24 70 3 30F  23
 25 13 2 30 25 14 3-60 25 16 2 35 25 17 3-55 25 22 3    25 23 3-25F  24
 25 25 3    25 44 3    25 67 1    25 67 4    25 68 4    25 69 2   F  25
 25 70 1-50 25 71 3 40 26 13 2 30 26 15 2 35 26 16 3-60 26 26 2-25F  26
 26 38 3 30 26 43 2    26 69 4    26 72 3 45 27 12 2 30 27 13 3-60F  27
 27 15 2 35 27 16 2 35 27 17 3-50 27 21 3    27 26 2-25 27 35 4   F  28
 27 36 1    27 38 1-30 27 40 3 30 27 41 3    27 42 3    27 43 2   F  29
 27 43 3    27 44 4    27 45 4    27 47 4    27 64 1-45 27 65 3 45F  30
 27 66 3 45 27 72 1-45 27 73 3 45 28 12 2 30 28 19 1    28 23 4   F  31
 28 24 4    28 36 1    28 37 1    28 38 3    28 39 3    28 40 1-60F  32
 28 40 3    28 41 3    28 42 3    28 43 3    28 45 1    28 66 1-45F  33
 28 67 3 45 29 11 2 30 29 12 3-65 29 15 2 45 29 17 3    29 67 1-45F  34
 29 75 3 45 30 11 2 25 30 75 1-45 31 10 2 25 31 11 3-70 31 75 1-45F  35
 31 76 3 45 32 31 1    32 76 1-45 32 77 3 45 33  9 2 25 33 10 3-70F  36
 33 77 1-45 34  9 2 25 34 10 4-60 34 77 1-45 34 78 3 45 35  9 2 25F  37
 35 10 1 20 35 78 1-45 35 79 3 45 35 84 2    36  5 4    36  8 2 25F  38
 36  9 3-70 36 75 3    36 79 1-45 37  8 2 20 37 75 1    37 79 1-45F  39
 37 80 3 45 38 77 2-50 38 80 1-45 39  4 4    39  7 2 30 39  8 3-60F  40
 39 77 4 20 39 78 2    39 80 1-45 40  7 2 25 40 78 2-30 40 80 1-45F  41
 41  5 4    41  6 4    41 78 4 60 41 79 2    42  7 2 25 43  6 2 20F  42
 43 79 2 30 44  6 2 10 44 80 1-30 44 81 3 60 44 82 3-30 44 83 3   F  43
 44 85 3    44 86 3    45  6 2 10 45 81 1-30 45 82 4 45 45 83 2   F  44
 46  6 2 10 46 82 3    46 83 2    46 86 1    47  6 2 10 47 82 1   F  45
 47 83 4 45 47 84 2    47 86 1    48  5 2 10 48  6 3-80 48 82 1   F  46
 48 83 3 30 48 84 2    49  5 2    49 84 4 45 49 85 2    50  5 2   F  47
 50 83 1    50 84 3 30 50 85 2    50 87 2    51  5 2  5 51 84 1-20F  48
 51 85 2    51 87 2    52 84 1    52 85 4 45 52 86 2    53  3 1 45F  49
 53 84 1    53 85 3    53 86 2 30 53 87 3-60 54  2 1    54 85 1   F  50
 54 86 2 30 55  2 1    55  4 2    55 85 1    56 85 1    57  4 2   F  51
 57 86 1    58  4 2 10 58 86 1    59 86 1    60 86 1    60 87 3   F  52
 61  1 2    61 87 1    62  1 2    62  2 2 10 62  3 3-75 62 87 1-25F  53
 63  1 2    63  2 2 10 63 87 1-25 64  1 2    64  2 2 20 64 87 1-25F  54
 64 87 4 70 64 88 2    65  1 2    65 88 2    66  1 2    66  2 1 10F  55
 66 88 2    67  1 2    67  2 1 10 68 88 1                         FD 56
 62           1D FLOW WITH BANKS, (I,J,IS,B1,B2,WTH)
 13 53 3      0.30 14 54 1      0.30 17 23 2      0.10 17 46 2      0.80
 17 47 3      0.80 18 23 2      0.10 18 58 1      0.20 19 23 4      0.10
 19 24 2      0.10 20 24 2      0.10 20 58 4      0.10 21 24 2      0.10
 21 44 2      0.40 22 24 4      0.10 24 45 2      0.50 24 46 3      0.50
 26 26 2 3.   0.20 27 26 2    3.0.20 38 77 2      0.10 39 77 4      0.10
 39 78 2    3.0.10 40 78 2 3. 3.0.10 41 78 4 3. 3.0.10 41 79 2 3. 3.0.10
 44 80 1 2. 2.0.20 44 81 3 2. 2.0.20 44 82 3    2.0.20 44 83 3      0.20
 44 85 3      0.10 44 86 3      0.10 45 81 1 3. 2.0.20 46 82 3      0.50
 47 82 1      0.50 48 82 1      0.50 48 83 3      0.50 50 83 1      0.30
 50 84 3      0.30 51 84 1      0.30 52 84 1      0.30 53  3 1      0.20
 53 84 1      0.30 53 85 3      0.30 54 85 1      0.30 55  4 2      0.70
 55 85 1      0.30 56 85 1      0.30 57  4 2    2.0.50 57 86 1      0.10
 58  4 2 2. 2.0.50 58 86 1      0.10 59 86 1      0.10 60 86 1      0.10
 60 87 3      0.10 61 87 1      0.10 62 87 1      0.10 63 87 1      0.10
 64 87 1      0.10 64 87 4      0.10 64 88 2      0.10 65 88 2      0.10
 66 88 2      0.10 68 88 1      0.10
  0                           RAISED WEIRS / REVISED CORNER SMOOTHING  X
FLGLER.BC:DYTNA BCH:PONCE DE :TITUSVILL:TITUSV.BC:CANVRL.BC:    STATIONS
CAPE CANV:COCOA    :EAU GALLI:MELBOURN.:B                       STATIONS
 60 50 44 10 30 29 29 16 37 43                                   I COORD
 85 82 79 54 43 26 24 19  8  8                                   J COORD
  0                           NUMBER OF CHANNELS                       X
 60          NO. OF CUTS, CHOKES & TRANSTNS(I,J,S,B1,B2,W1,W2,W3,ANG)
 13 52 1         0.30 0.30 1.00                            CUT  1
 13 54 1         0.30 0.30 1.00                            CUT  2
 13 59 3         0.70 1.00 1.00 45                         CUT  3
 15 21 2         0.80 1.00 1.00 60                         CUT  4
 16 23 2         0.10 1.00 0.10-20                         CUT  5
 16 47 2         0.60 1.00 0.80 30                         CUT  6
 17 58 1         0.20 0.20 1.00                            CUT  7
 18 45 2         0.30 0.60 0.30                            CUT  8
 18 46 3         0.60 0.80 0.60                            CUT  9
 19 17 2         0.30 1.00 1.00 35                         CUT 10
 19 45 2         0.30 0.30 0.50                            CUT 11
 19 59 4         0.10 0.10 1.00                            CUT 12
 20 44 2         0.30 0.30 0.40                            CUT 13
 20 45 3         0.30 0.50 0.30                            CUT 14
 20 59 4         0.10 0.10 1.00                            CUT 15
 22 25 2         0.10 0.10 1.00-20                         CUT 16
 22 44 2         0.10 0.40 0.40                            CUT 17
 22 58 4         0.30 0.30 1.00                            CUT 18
 23 44 4         0.40 0.40 0.50                            CUT 19
 23 45 4         0.50 0.50 0.80                            CUT 20
 23 46 2         0.50 0.80 0.50                            CUT 21
 23 58 1         0.10 1.00 0.30                            CUT 22
 23 61 2         0.10 1.00 0.10                            CUT 23
 24 25 3         0.30 1.00 1.00-30                         CUT 24
 24 61 2         0.10 0.10 1.00                            CUT 25
 25 21 3         0.20 1.00 1.00-30                         CUT 26
 25 26 2      3. 0.20 1.00 0.20-25                         CUT 27
 25 36 3         0.20 1.00 1.00 45                         CUT 28
 25 45 2         0.50 0.50 0.80                            CUT 29
 26 45 3         0.80 0.80 1.00                            CUT 30
 28 25 4      3. 0.10 1.00 0.20                            CUT 31
 28 26 2  3.     0.20 0.20 1.00-25                         CUT 32
 32 10 2         0.40 1.00 1.00 25                         CUT 33
 34 11 1         0.20 1.00 1.00 30                         CUT 34
 36 10 1  3.     0.50 0.50 1.00 10                         CUT 35
 37  9 2         0.10 0.20 0.10                            CUT 36
 37 10 1  3.  3. 0.30 0.30 0.50 15                         CUT 37
 37 10 3  3.     0.20 0.30 0.20                            CUT 38
 38  8 2         0.40 1.00 1.00 20                         CUT 39
 38  9 3         0.10 0.10 1.00-45                         CUT 40
 38 76 4         0.10 1.00 0.10                            CUT 41
 41  7 2         0.40 1.00 1.00 20                         CUT 42
 42 79 2  3.     0.10 0.10 1.00-20                         CUT 43
 43 80 3  2.     0.20 0.20 1.00                            CUT 44
 44 84 3         0.10 0.10 0.20                            CUT 45
 46 81 1      3. 0.10 0.50 0.20-30                         CUT 46
 48 83 2         0.30 0.50 0.30                            CUT 47
 52  3 4         0.10 0.20 1.00-30                         CUT 48
 53  2 4         0.10 1.00 0.20-45                         CUT 49
 53  5 4         0.20 1.00 1.00                            CUT 50
 54  4 2         0.70 1.00 0.70                            CUT 51
 55 86 2         0.10 1.00 0.10                            CUT 52
 56  4 2         0.50 0.70 0.50                            CUT 53
 56 86 3         0.10 0.10 0.30                            CUT 54
 59  3 2  1.  1. 0.20 0.20 0.30 20                         CUT 55
 59  4 3  2.  1. 0.20 0.50 0.20-50                         CUT 56
 60  3 2  1.  1. 0.30 0.30 0.60 10                         CUT 57
 61  3 2  1.     0.60 0.60 1.00 10                         CUT 58
 65  2 4         0.10 1.00 1.00 20                         CUT 59
 67 88 3         0.10 0.10 1.00                            CUT 60
 -1    TREE  POINTS(=1),OTHERWISE NO TREE
444444444444444444444444444444444444444444444444444444444444 TREE  1
444444444
411111111111111111111111111111111111111111111111111111111111 TREE  2
111411114
411111111111111111111111111111111111111111111111111111111111 TREE  3
113333334
411111111111111111111111111111111111111111111111111111111111 TREE  4
333555559
411111111111111111111111111111111111111111111111111133333333 TREE  5
522222229
411111111111111111111111111111111111111111111111333333355522 TREE  6
222222228
411111111111111111111111111111111111111111133333355522222222 TREE  7
222222228
411111111111111111111111111111111111111331333552222222222222 TREE  8
222222226
411111111111111111111111111111111111311111552222222222222222 TREE  9
222222226
411111111111111111111111111111111333111155222222222222222222 TREE 10
222222226
411111111111111111111111111111133331111522222222222222222222 TREE 11
222222226
411111111111111111111111111113333311152222222222222222222222 TREE 12
222222226
411111111111111111111111111113331111522222222222222222222222 TREE 13
222222226
411111111111111111111111133113331115222222222222222222222222 TREE 14
222222226
411111111111111111111113333333331152222222222222222222222222 TREE 15
222222226
411111111111111111111133333333333522222222222222222222222222 TREE 16
222222226
411111111111111111113111333333335222222222222222222222222222 TREE 17
222222226
411111111111111111131111333333352222222222222222222222222222 TREE 18
222222226
411111111111111111311113333333352222222222222222222222222222 TREE 19
222222226
411111114411144133111133333333522222222222222222222222222222 TREE 20
222222226
411111114411444331111133333333222222222222222222222222222222 TREE 21
222222226
411111111111443331113333333115222222222222222222222222222222 TREE 22
222222226
411111111111113331113333333115222222222222222222222222222222 TREE 23
222222226
411111111111133311133333333115222222222222222222222222222222 TREE 24
222222226
411111111111333111131133311115222222222222222222222222222222 TREE 25
222222226
411111111113333111111133311115222222222222222222222222222222 TREE 26
222222226
411111111113333111311133331115522222222222222222222222222222 TREE 27
222222226
411111111133333111311133331115555555552222222222222222222222 TREE 28
222222226
411111111133333113311133331111555555552222222222222222222222 TREE 29
222222226
411111111133333113111133331111115555552222222222222222222222 TREE 30
222222226
411111111333331113111133331111111555522222222222222222222222 TREE 31
222222226
411111111333331113311113331111111555222222222222222222222222 TREE 32
222222226
411111113333331113311113331111115552222222222222222222222222 TREE 33
222222226
411111113333331113311133333111115522222222222222222222222222 TREE 34
222222226
411111133333331113311113333111155222255222222222222222222222 TREE 35
222222226
411111133333331113311111333111152222255222222222222222222222 TREE 36
222222226
411111133333331133311111133311552222255222222222222222222222 TREE 37
222222226
411111133333333333311111133311552225522222222222222222222222 TREE 38
222222226
411111133333333333331111113311555555522222222222222222222222 TREE 39
222222226
411111133333333333331111113311555552222222222222222222222222 TREE 40
222222226
411111133333333333331111113311555552225552222222222222222222 TREE 41
222222226
411111133333333333333111113311555522225552222222222222222222 TREE 42
222222226
411111133333333333333111113311555222225522222222222222222222 TREE 43
222222226
444411133333333333333311133115552222222222222222222222222222 TREE 44
222222226
444411333333333333331111133115552222222222222222222222222222 TREE 45
222222226
444411333333333333331113111115522222222222222222222222222222 TREE 46
222222226
444411133333333333331111111355522222222222222222222222222222 TREE 47
222222226
444111133333333333331111113355222222222222222222222222222222 TREE 48
222222226
411111113333333333331111133355222222222222222222222222222222 TREE 49
222222226
411111113333333333331111133355222222222222222222222222222222 TREE 50
222222226
411111113333333333311111333352222222222222222222222222222222 TREE 51
222222226
411111113333333333311111333322222222222222222222222222222222 TREE 52
222222226
411111111333333333333111333352222222222222222222222222222222 TREE 53
222222226
411111111133333333333333333352222222222222222222222222222222 TREE 54
222222226
411111111133333333333333333322222222222222222222222222222222 TREE 55
222222226
411111111133333333333333333322222222222222222222222222222222 TREE 56
222222226
411114411133333333333333333322222222222222222222222222222222 TREE 57
222222226
411114411133333333333333333322222222222222222222222222222222 TREE 58
222222226
411111111113333333333333333322222222222222222222222222222222 TREE 59
222222226
411111111111333333333333333332222222222222222222222222222222 TREE 60
222222226
411111111111133333333333333332222222222222222222222222222222 TREE 61
222222226
411111111111133333333333333333222222222222222222222222222222 TREE 62
222222226
411111111111113333333333333333222222222222222222222222222222 TREE 63
222222226
411111111111111333333333113333222222222222222222222222222222 TREE 64
222222226
411111111111111333333333111333322222222222222222222222222222 TREE 65
222222226
411111111111111133333333311333322222222222222222222222222222 TREE 66
222222226
411111111111111113333333311133332222222222222222222222222222 TREE 67
222222226
411111111111111111333333311133333222222222222222222222222222 TREE 68
222222226
411111111111111111113333311133333222222222222222222222222222 TREE 69
222222226
411111111111111111111133331111333355222222222222222222222222 TREE 70
222222226
411111111111111111111111331111133335522222222222222222222222 TREE 71
222222226
411111111111111111111111133111113333552222222222222222222222 TREE 72
222222226
411111111111111111111111111311111333355222222222222222222222 TREE 73
222222226
411111111111111111111111111111111133335522222222222222222222 TREE 74
222222226
411111111111111111111111111111111111333552222222222222222222 TREE 75
222222226
411111111111111111111111111111111111133355222222222222222222 TREE 76
222222226
411111111111111111111111111111111111113335522222222222222222 TREE 77
222222226
411111111111111111111111111111111111111133555522222222222222 TREE 78
222222226
411111111111111111111111111111111111111113335552222222222222 TREE 79
222222226
411111111111111111111111111111111111111111133555222222222222 TREE 80
222222228
411111111111111111111111111111111111111111113335522222222222 TREE 81
222222228
411111111111111111111111111111111111111111113113322222222222 TREE 82
222222228
411111111111111111111111111111111111111111111111111322222222 TREE 83
222222228
411111111111111111111111111111111111111111111111111111222222 TREE 84
222222229
411111111111111111111111111111111111111111111111111111133222 TREE 85
222222229
411111111111111111111111111111111111111111111111111111113111 TREE 86
122222229
411111111111111111111111111111111111444441111111111111111111 TREE 87
111112229
411111111111111111111111111111111111444444444411111111111111 TREE 88
111111114
444444444444444444444444444444444444444444444444444444444444 TREE 89
444444444
  4X                          NUMBER OF PRINTED PANELS                 X 
  1 25 49 73                  BEGINNING J INDEX                        X
 25 49 73 88                  ENDING J INDEX                           X
 -15 -14 -14 -13 -13 -13 -13 -14 -14 -13 -13 -14 -15 -16 -17DEPTHS  1A
 -14 -14 -14 -13 -13 -13 -13 -13 -14 -13 -13 -13 -14 -14 -15DEPTHS  2A
 -13 -13 -14 -13 -13 -12 -12 -13 -14 -13 -13 -13 -13 -13 -14DEPTHS  3A
 -12 -12 -13 -13 -13 -12 -12 -12 -13 -13 -13 -13 -13 -13 -14DEPTHS  4A
 -12 -12 -13 -13 -14 -13 -12 -12 -12 -12 -12 -12 -13 -13 -14DEPTHS  5A
 -12 -12 -13 -14 -14 -14 -12 -12 -12 -12 -12 -12 -12 -12 -13DEPTHS  6A
 -12 -12 -13 -14 -14 -14 -13 -13 -12 -12 -12 -12 -12 -12 -12DEPTHS  7A
 -12 -12 -13 -14 -14 -14 -14 -14 -13 -12 -12 -12 -12 -12 -12DEPTHS  8A
 -12 -12 -13 -15 -16 -15 -15 -15 -15 -13 -13 -13 -13 -13 -13DEPTHS  9A
 -13 -13 -14 -16 -17 -17 -16 -16 -16 -16 -16 -14 -14 -14 -14DEPTHS 10A
 -13 -13 -14 -17 -18 -19 -18 -18 -19 -17 -17 -17 -15 -14 -14DEPTHS 11A
 -14 -14 -16 -18 -19 -19 -19 -20 -21 -21 -18 -17 -17 -14 -14DEPTHS 12A
 -15 -15 -17 -19 -19 -20 -20 -21 -22 -23 -21 -17 -17 -17 -16DEPTHS 13A
 -15 -15 -18 -20 -20 -21 -21 -22 -23 -23 -23 -17 -17 -18 -17DEPTHS 14A
 -15 -15 -19 -21 -21 -22 -22 -23 -24 -24 -24 -19 -19 -20 -20DEPTHS 15A
 -15 -15 -19 -20 -22 -23 -23 -23 -24 -24 -22 -20 -20 -20 -25DEPTHS 16A
 -18 -18 -19 -20 -22 -23 -23 -24 -24 -24 -22 -22 -24 -25 -31DEPTHS 17A
 -19 -19 -19 -20 -22 -24 -24 -24 -24 -27 -27 -24 -24 -31 -32DEPTHS 18A
 -19 -19 -19 -21 -22 -23 -25 -28 -30 -31 -32 -31 -31 -31 -34DEPTHS 19A
 -19 -19 -19 -20 -22 -23 -25 -29 -36 -32 -29 -29 -31 -36   4DEPTHS 20A
 -19 -19 -19 -20 -23 -23 -24 -27 -33 -28 -28 -29 -36   5   8DEPTHS 21A
 -21 -21 -20 -20 -21 -22 -24 -25 -28 -28 -28 -35  -7   6   6DEPTHS 22A
 -23 -23 -21 -21 -21 -22 -24 -25 -28 -28 -31  -5   5   6   6DEPTHS 23A
 -23 -22 -21 -21 -21 -23 -26 -28 -30 -31 -14   3   6   7   4DEPTHS 24A
 -23 -22 -21 -21 -22 -24 -25 -28 -29 -28   2   5   7   7   2DEPTHS 25A
 -24 -24 -23 -23 -23 -22 -25 -28 -29 -23   5   8   5   5   2DEPTHS 26A
 -24 -24 -24 -25 -23 -19 -24 -27 -23   3   6   8   5   4  -3DEPTHS 27A
 -24 -24 -25 -29 -26 -19 -24 -26 -21   3   8   8   5   4  -3DEPTHS 28A
 -26 -26 -27 -26 -26 -22 -26 -26 -16   4   8   8   4   3  -4DEPTHS 29A
 -27 -27 -27 -26 -26 -28 -31 -22   3   8  10   6   4   2  -4DEPTHS 30A
 -24 -24 -25 -27 -28 -29 -23 -11   3   8   8   6   3   1  -3DEPTHS 31A
 -24 -24 -25 -28 -28 -27 -19   3   6   8   8   6   2  -1  -3DEPTHS 32A
 -24 -24 -25 -30 -28 -24 -11   5   7   7   7   3   1  -1  -3DEPTHS 33A
 -26 -26 -30 -30 -29 -20   2   5   7   7   6   4   1  -1  -2DEPTHS 34A
 -28 -28 -33 -31 -28 -15   4   8   8   6   4   4   1  -1  -2DEPTHS 35A
 -32 -32 -32 -32 -28 -13   5   8   8   5   5   4   1  -1  -1DEPTHS 36A
 -29 -29 -30 -31 -28 -18   5   8   8   5   5   4   2  -1  -1DEPTHS 37A
 -26 -26 -26 -28 -24 -19   2   6   8   5   5   3   2  -1  -1DEPTHS 38A
 -23 -19 -14 -28 -15 -17   1   4   9   8   6   3   3  -1  -1DEPTHS 39A
 -23 -19 -14 -28 -10 -12   2   5   8   8   8   5   3   1  -1DEPTHS 40A
 -24 -22 -14 -29  -7 -11   2   5   8   8   8   7   5   2  -1DEPTHS 41A
 -25 -23 -14 -28  -7  -6   2   6   7   8   8   7   7   4   1DEPTHS 42A
 -33 -33 -28 -27 -11  -7   6   6   7   7   7   7   7   6   5DEPTHS 43A
 -36 -36 -36 -27 -14   4   6   6   7   7   7   7   7   6   5DEPTHS 44A
 -36 -36 -36 -31  -9   4   6   6   7   7   7   7   7   7   4DEPTHS 45A
 -25 -36 -36 -30 -20   2   5   7   7   7   7   7   7   7   4DEPTHS 46A
 -24 -36 -35 -30 -18 -11   3   7   7   6   7   7   7   6   4DEPTHS 47A
 -24 -24 -33 -25 -14 -12   2   7   7   6   7   7   6   4   1DEPTHS 48A
 -23 -23 -28 -24 -14 -12  -9   5   6   6   6   6   3   1  -1DEPTHS 49A
 -23 -23 -26 -24 -19 -14 -10   4   6   6   6   3   2  -1  -2DEPTHS 50A
 -23 -23 -24 -26 -22 -18 -12   3   7   7   5   3   1  -2  -2DEPTHS 51A
 -23 -23 -24 -22 -22 -19 -14   2   7   7   6   3   1  -2  -2DEPTHS 52A
 -22 -22 -22 -22 -22 -22 -17 -11   5   6   9   2   1  -1  -2DEPTHS 53A
 -22 -19 -17 -22 -26 -27 -17 -12  -9   5  11   2   1   1  -1DEPTHS 54A
 -23 -19 -17 -17 -17 -17 -17 -12  -8   5   9   3   2  -1  -1DEPTHS 55A
 -24 -24 -18 -21 -22 -22 -23 -17  -8   5   8   4   2   2  -1DEPTHS 56A
 -30 -21 -19 -19 -22 -36 -31 -25  -8   3   7   7   5   2   2DEPTHS 57A
 -30 -30 -29 -19 -19 -32 -28 -25 -19  -4   4   7   5   5   5DEPTHS 58A
 -30 -30 -35 -29 -24 -22 -26 -26 -22  -9  -2   3   5   5   5DEPTHS 59A
 -18 -18 -21 -32 -32 -23 -23 -25 -30 -15  -5  -2   5   5   5DEPTHS 60A
 -16 -15 -15 -32 -32 -31 -19 -21 -30 -25 -11  -4   1   5   5DEPTHS 61A
 -16 -15 -15 -33 -33 -32 -19 -19 -24 -31 -25  -9  -4   2   5DEPTHS 62A
 -16 -15 -15 -15 -16 -33 -24 -19 -19 -28 -33 -25  -7  -3   2DEPTHS 63A
 -18 -16 -15 -15 -15 -20 -20 -20 -20 -16 -28 -31 -24  -7  -2DEPTHS 64A
 -15 -14 -14 -14 -15 -17 -17 -18 -21 -16 -14 -31 -27 -20  -7DEPTHS 65A
 -13 -11 -11 -11 -13 -15 -15 -15 -15 -20 -19 -19 -30 -30 -15DEPTHS 66A
 -10  -9  -9 -11 -13 -15 -18 -15 -14 -14 -15 -15 -26 -28 -28DEPTHS 67A
  -9  -9  -9 -10 -12 -12 -13 -14 -14 -14 -15 -15 -23 -23 -28DEPTHS 68A
  -9  -8  -8  -8  -8  -8  -9 -12 -14 -14 -14 -18 -19 -19 -25DEPTHS 69A
  -9  -8  -7  -6  -4  -4  -7 -12 -14 -14 -14 -14 -15 -16 -19DEPTHS 70A
  -8  -7  -6  -4  -4  -4  -7 -10 -12 -12 -12 -14 -15 -16 -19DEPTHS 71A
  -6  -6  -6  -4  -4  -5  -7  -9  -9  -9 -10 -14 -19 -19 -19DEPTHS 72A
  -5  -5  -6  -7  -7  -7  -9  -9  -9  -9  -9 -11 -14 -16 -18DEPTHS 73A
  -4  -4  -5  -7  -7  -8 -11 -11  -9  -9  -9  -9 -10 -13 -14DEPTHS 74A
  -4  -4  -5  -8  -9 -12 -14 -12 -10 -10  -9  -9 -10 -13 -14DEPTHS 75A
  -8  -6  -8  -9 -11 -14 -13 -12 -11 -11 -11 -11 -12 -13 -14DEPTHS 76A
  -8  -7  -7  -9 -13 -14 -12 -11 -11 -10 -10 -10 -11 -13 -14DEPTHS 77A
  -9  -8  -7  -8 -12 -11 -11 -10 -10 -10  -9  -9  -9 -12 -14DEPTHS 78A
 -10 -10  -7  -7  -9  -9  -9  -9  -9  -8  -8  -8  -9 -11 -14DEPTHS 79A
  -9  -9  -9  -7  -7  -7  -7  -7  -7  -6  -6  -6  -9 -10 -13DEPTHS 80A
  -8  -8  -9  -9  -9  -9  -9  -8  -8  -8  -7  -7  -7  -9 -12DEPTHS 81A
  -6  -6  -9  -9  -9  -9 -11 -12 -10 -10  -9  -7  -7  -9 -12DEPTHS 82A
  -5  -5  -6  -8  -9  -9 -10 -14 -14 -13 -10  -8  -8  -9 -12DEPTHS 83A
  -4  -4  -5  -6  -7  -8  -8 -10 -11 -10  -9  -8  -8 -10 -13DEPTHS 84A
  -4  -4  -4  -4  -4  -4  -5  -8  -9  -9  -8  -8  -8 -10 -14DEPTHS 85A
  -3  -3  -3  -3  -2  -2  -2  -5  -7  -6  -6  -7  -8 -10 -15DEPTHS 86A
  -2  -2  -2  -2  -1  -1  -2  -2  -3  -2  -2  -5  -8  -9 -14DEPTHS 87A
  -2  -2  -2  -2  -1  -1  -2  -2  -3  -2  -2  -5  -8  -9 -14DEPTHS 88A
  -2  -2  -2  -2  -1  -1  -2  -2  -3  -2  -2  -5  -8  -9 -14DEPTHS 89A
 -18 -15 -13 -13 -13 -14 -18 -18 -18 -18 -18 -19 -18 -17 -17DEPTHS  1B
 -16 -14 -13 -12 -12 -14 -18 -18 -18 -18 -18 -19 -18 -17 -17DEPTHS  2B
 -14 -14 -13 -12 -12 -14 -17 -19 -19 -19 -19 -19 -20 -19 -18DEPTHS  3B
 -14 -14 -14 -14 -14 -14 -17 -19 -19 -19 -19 -19 -20 -21 -21DEPTHS  4B
 -14 -14 -14 -14 -14 -14 -16 -19 -19 -20 -21 -22 -23 -24 -23DEPTHS  5B
 -13 -14 -14 -14 -14 -14 -14 -19 -21 -22 -23 -24 -24 -25 -30DEPTHS  6B
 -13 -14 -14 -14 -14 -14 -14 -18 -22 -23 -24 -25 -25 -30 -31DEPTHS  7B
 -13 -14 -14 -14 -14 -14 -15 -18 -23 -24 -24 -25 -29 -32 -33DEPTHS  8B
 -15 -14 -14 -14 -14 -14 -15 -18 -23 -23 -24 -27 -29 -32 -33DEPTHS  9B
 -14 -14 -14 -14 -14 -15 -18 -18 -23 -23 -29 -30 -30 -28 -17DEPTHS 10B
 -14 -14 -14 -14 -14 -22 -23 -23 -23 -27 -27 -26 -15  10  10DEPTHS 11B
 -14 -16 -20 -20 -21 -22 -24 -23 -23 -24  -8  10  10  10   5DEPTHS 12B
 -16 -17 -20 -22 -23 -24 -23 -22 -18  10  10   9  -6   5   7DEPTHS 13B
 -17 -17 -20 -22 -23 -23 -22   9   9   9  -8  -5   4   5   8DEPTHS 14B
 -26 -21 -21 -22 -23 -22   8   9   9  -6   3   3   4   7   8DEPTHS 15B
 -26 -28 -24 -24   8   8   8  -4  -3   3   3   5   3   3   3DEPTHS 16B
 -31 -31 -31   8   8   8  -7  -4   3   3   3   5  -2   1  -1DEPTHS 17B
 -32 -31   8   8   3  -7  -6   4   2  -3   3   3  -1  -2  -5DEPTHS 18B
   4   6   6   2  -7  -6  -1   4  -4   4   4   3   2  -3  20DEPTHS 19B
   6   6   6  -7  -8  -3  -1  -3  -3   6   4   2  -1  -7  30DEPTHS 20B
   7   6  -7 -10  -5  -1  -1  -3   4   6   4   2  -4  20  32DEPTHS 21B
   4  -3  -9  -6  -2  -1  -3   3   5   6   4   4  -6  20  35DEPTHS 22B
   3   6   9  11  -1  -1  -3   3   7   7   4   4  -8  27  35DEPTHS 23B
  -3 -10  -4  13  14  10   6   3   7   3   2  -4  -8  28  38DEPTHS 24B
  -7  -8  -2  -1  -1  -4   3   6   8  11  -4  -7  -8  31  34DEPTHS 25B
  -6  -5  -1  -1  -3  -6   4   6   6  35  38  41  40  43  42DEPTHS 26B
  -6  -4  -1  -1  -4  -6   4   6   6   4   2  -7 -11  23  29DEPTHS 27B
  -6  -3  -1  -2  -6  -5   2   6   6   4   2  -7  -7  15  25DEPTHS 28B
  -4  -2  -1  -3  -7  -5   2   6   6   3   2  -7  -7  -7   8DEPTHS 29B
  -3  -1  -1  -3  -7  -5   2   6   6   4   2  -7  -7  -7  -6DEPTHS 30B
  -3  -1  -1  -3  -8  -5  -3   6   6   4   2  -5  -8  -7  -6DEPTHS 31B
  -3  -1  -2  -3  -8  -6  -3   6   6   4   2  -5  -8  -8  -6DEPTHS 32B
  -2  -1  -2  -3  -5  -8  -3   6   6   5   2   2  -8  -6  -6DEPTHS 33B
  -2  -1  -2  -2  -5  -9  -4  -2   5   5   3   2  -8  -6  -6DEPTHS 34B
  -2  -1  -2  -2  -5  -9  -5  -2   5   6   3   9  -6  -6  -6DEPTHS 35B
  -1  -1  -2  -2  -4  -8  -7  -4  -2   5   6   3  -3  -6  12DEPTHS 36B
  -1  -1  -2  -3  -4  -8  -8  -5  -4   5   5   2   5  -6  12DEPTHS 37B
  -1  -2  -1  -1  -2  -5  -5  -5  -4  -3   5   5   5  -6  17DEPTHS 38B
  -1  -1  -1  -1  -2  -4  -5  -5  -6  -4   3   3   5  -7  21DEPTHS 39B
  -1  -1  -1  -2  -2  -4  -5  -5  -8  -5  -2   2  -1  -7  20DEPTHS 40B
  -1  -1  -1  -2  -2  -2  -5  -6  -6  -4  -1   2  -1  -7  18DEPTHS 41B
  -1  -1  -1  -2  -2  -2  -3  -6  -6  -4  -1   2  -1  -7  17DEPTHS 42B
   1  -1  -1  -1  -1  -1  -1  -6  -6  -4   2   2  -1  12  19DEPTHS 43B
   2  -1  -1  -1   2   2   2   1  -2  -2   1  -1  -4  17  25DEPTHS 44B
   2  -1   2   2   1  -2  -2   1   1   1   1  -1  -2  20  28DEPTHS 45B
   2   1   2  -1  -2  -2  -5   1   1  -4  -4  -4  20  31  30DEPTHS 46B
   2   1  -1  -1  -3  -3  -7  -7  -6  -6  -3  -2  20  32  36DEPTHS 47B
   1  -1  -1  -1  -3  -4  -7  -7  -7  -4  -1  -1  20  30  37DEPTHS 48B
  -1  -2  -2  -2  -3  -5  -6  -8  -6  -1  -1  -1  25  33  35DEPTHS 49B
  -2  -2  -2  -3  -4  -5  -6  -7  -2  -1  -1  -1  31  30  33DEPTHS 50B
  -1  -1  -2  -3  -5  -5  -5  -6  -1   2   2  -1  32  31  34DEPTHS 51B
  -1  -1  -1  -3  -3  -3  -3  -5  -1   3   3   2  34  33  36DEPTHS 52B
  -2  -1  -1  -2  -2  -3  -3  -3  -1   3   3   2  32  37  38DEPTHS 53B
  -1  -1  -1  -2  -2  -2  -2  -2  -1   5   5   2  33  40  40DEPTHS 54B
  -1  -1  -1  -2  -2  -2  -2  -2  -1   5   5   2  31  41  44DEPTHS 55B
  -1  -1  -1  -1  -2  -2  -2  -2  -1   5   5  -1  31  42  45DEPTHS 56B
  -1  -1  -1  -1  -1  -2  -2  -1  -2   5   5   1  32  43  46DEPTHS 57B
   2   1   1  -1   1  -1   2   2  -4   5   5   2  32  43  47DEPTHS 58B
   3   2  -1   1   1  -1   2   2  -4   5   5   2  32  40  49DEPTHS 59B
   4   3   2   2   2   2   2   2  -3   3   3   2  -1  34  47DEPTHS 60B
   5   4   3   3   5   5   3   2   6   2   2   2  -1  33  46DEPTHS 61B
   5   5   5   4   5   5   3   2   1  -2   2   2   2  -1  41DEPTHS 62B
   5   5   5   5   5   5   4   2   1  -2   3   3   2   2  35DEPTHS 63B
   1   4   5   5   5   5   5   3   1  -3   5   5   3   2  35DEPTHS 64B
  -2   1   4   5   5   6   6   3   1  -3  -2   6   3   2   1DEPTHS 65B
  -7  -2   1   4   5   6   6   2   1  -3  -7   6   6   2   1DEPTHS 66B
 -15  -7  -3   1   3   5   5   2   2   1  -7  -3   7   3   3DEPTHS 67B
 -29 -15  -8  -3  -1   3   3   3   3   1  -4  -7  -1   6   6DEPTHS 68B
 -28 -27 -17 -11  -5  -1   3   3   3   1  -2 -11  -5   6   6DEPTHS 69B
 -24 -25 -25 -18 -12  -7  -2  -1   2   2  -1  -8 -10  -5   5DEPTHS 70B
 -20 -24 -25 -26 -23 -11  -8  -4  -1   2  -1  -2  -8  -8  -3DEPTHS 71B
 -19 -22 -25 -26 -26 -25 -20 -10  -5  -2  -1  -1  -2  -7 -10DEPTHS 72B
 -18 -19 -22 -24 -24 -26 -28 -21 -14  -9  -3  -1  -2  -3  -6DEPTHS 73B
 -15 -18 -19 -22 -23 -24 -26 -25 -23 -17 -12  -6  -3  -3  -5DEPTHS 74B
 -14 -16 -18 -19 -22 -24 -25 -25 -25 -25 -23 -16 -10  -4  -4DEPTHS 75B
 -14 -15 -18 -19 -22 -24 -25 -25 -25 -25 -25 -25 -22 -14  -6DEPTHS 76B
 -15 -15 -18 -20 -22 -24 -24 -24 -24 -24 -26 -26 -26 -24 -18DEPTHS 77B
 -15 -19 -20 -20 -22 -24 -24 -24 -24 -24 -24 -25 -25 -24 -24DEPTHS 78B
 -16 -19 -20 -20 -20 -22 -23 -24 -24 -24 -24 -24 -24 -24 -24DEPTHS 79B
 -15 -19 -20 -19 -19 -20 -20 -22 -24 -24 -24 -24 -24 -24 -24DEPTHS 80B
 -15 -19 -20 -19 -19 -20 -20 -22 -26 -25 -24 -24 -24 -24 -24DEPTHS 81B
 -15 -19 -21 -19 -19 -19 -21 -20 -20 -23 -24 -24 -24 -24 -24DEPTHS 82B
 -16 -19 -20 -19 -19 -19 -20 -20 -20 -22 -24 -24 -24 -24 -24DEPTHS 83B
 -17 -20 -20 -19 -19 -19 -19 -18 -18 -18 -20 -22 -24 -23 -22DEPTHS 84B
 -17 -17 -18 -18 -16 -13 -10 -10 -12 -14 -15 -19 -20 -21 -22DEPTHS 85B
 -17 -17 -17 -13  -3  -3  -3  -3  -9  -9 -10 -15 -19 -21 -22DEPTHS 86B
 -17 -16 -13  -4  -3  -3  -3  -3  -6  -8 -10 -14 -19 -21 -24DEPTHS 87B
 -17 -16 -13  -4  -3  -3  -3  -3  -6  -8 -10 -14 -19 -21 -24DEPTHS 88B
 -17 -16 -13  -4  -3  -3  -3  -3  -6  -8 -10 -14 -19 -21 -24DEPTHS 89B
 -16 -16 -16 -17 -17 -18 -20 -22 -23 -26 -26 -26 -29 -29 -28DEPTHS  1C
 -16 -16 -16 -17 -17 -18 -20 -22 -23 -26 -26 -26 -29 -29 -28DEPTHS  2C
 -16 -16 -18 -18 -19 -19 -22 -24 -26 -27 -29 -29 -25 -24 -22DEPTHS  3C
 -19 -19 -23 -23 -23 -24 -25 -25 -26 -29 -26 -23 -20 -20 -21DEPTHS  4C
 -23 -26 -26 -26 -25 -25 -28 -29 -24 -20 -19 -22 -19 -19 -21DEPTHS  5C
 -32 -33 -33 -31 -31 -25 -21 -20 -20 -18 -16 -18   9  10   8DEPTHS  6C
 -34 -34 -33 -33 -26 -22 -17 -15  11  12  10   9   7   7  35DEPTHS  7C
 -33 -33 -29 -22 -18   9  11  12  10   5  -9  35  35  43  50DEPTHS  8C
 -29 -22  10  11  11  10  10   8  -9  35  35  45  52  55  57DEPTHS  9C
   9   9   9   6   5   7   3 -10  35  40  51  56  58  60  59DEPTHS 10C
  10   5   5   5  -4  -7  34  34  46  53  57  60  61  62  63DEPTHS 11C
   7   7   5  -3  -7  35  42  48  54  58  59  59  64  65  67DEPTHS 12C
   7   7  -3  -6  35  44  47  53  58  61  59  64  66  67  69DEPTHS 13C
   8   7  -5  35  43  48  50  56  60  62  60  64  67  68  70DEPTHS 14C
   8   2  35  41  47  47  53  57  62  60  61  64  67  69  71DEPTHS 15C
   3  20  39  46  49  51  52  59  62  57  59  64  68  68  72DEPTHS 16C
  20  36  42  46  47  51  56  59  63  57  59  64  66  70  69DEPTHS 17C
  29  40  44  45  47  53  56  59  62  56  59  64  67  68  69DEPTHS 18C
  36  42  45  43  47  51  55  58  61  56  57  63  67  67  69DEPTHS 19C
  38  44  42  41  47  50  52  55  60  56  58  62  67  66  70DEPTHS 20C
  39  44  38  41  45  50  52  53  58  57  58  59  66  64  64DEPTHS 21C
  40  41  41  41  46  50  51  53  56  58  59  60  67  66  66DEPTHS 22C
  40  41  41  43  46  49  50  51  54  58  60  57  68  69  68DEPTHS 23C
  40  40  41  45  47  48  50  49  52  57  61  58  61  71  72DEPTHS 24C
  36  44  44  45  44  47  49  49  47  49  60  61  61  68  74DEPTHS 25C
  43  40  38  38  41  44  47  50  52  49  46  58  67  71  76DEPTHS 26C
  33  34  33  33  30  33  41  39  55  52  47  49  62  76  78DEPTHS 27C
  30  28  27  24  27  16  25  31  41  60  54  57  66  77  80DEPTHS 28C
  10  11  12  14  13  14  25  37  41  62  63  66  69  78  84DEPTHS 29C
  -6   8   8   8  14  26  33  47  46  62  66  68  72  81  88DEPTHS 30C
  -4  -4   7  15  28  35  47  53  50  62  68  71  75  83  93DEPTHS 31C
  -6  12  20  28  34  41  56  52  52  62  68  75  77  86  96DEPTHS 32C
  -6  15  25  34  42  49  59  45  52  62  69  76  77  91  98DEPTHS 33C
  15  21  32  39  48  54  54  34  53  57  70  77  83  92  99DEPTHS 34C
  18  31  38  44  49  52  50  26  58  61  71  80  89  93  99DEPTHS 35C
  24  33  41  45  47  49  46  29  56  64  62  79  89  93 100DEPTHS 36C
  27  37  42  40  34  37  41  36  54  67  58  53  74  92 100DEPTHS 37C
  28  35  39  33  30  29  42  49  58  64  47  45  55  90  98DEPTHS 38C
  26  26  26  28  36  36  48  50  48  57  48  49  63  88  99DEPTHS 39C
  22  20  17  20  38  44  52  47  38  30  39  62  72  85 101DEPTHS 40C
  19  18  21  31  50  51  52  49  24  27  41  68  80  84 100DEPTHS 41C
  17  22  38  37  53  52  50  48  22  32  59  74  77  80  99DEPTHS 42C
  24  40  40  38  51  50  47  44  30  51  70  75  76  81  87DEPTHS 43C
  29  46  40  32  50  49  46  43  46  59  69  70  78  79  82DEPTHS 44C
  38  44  40  32  50  48  48  46  58  63  67  67  72  74  79DEPTHS 45C
  41  43  42  37  46  51  48  55  61  64  69  69  72  79  79DEPTHS 46C
  38  42  43  44  48  52  54  59  61  64  72  72  73  76  80DEPTHS 47C
  37  43  45  49  50  56  55  62  62  66  70  71  74  75  77DEPTHS 48C
  35  44  47  52  54  57  57  62  62  66  70  72  73  74  77DEPTHS 49C
  40  45  50  55  57  56  59  63  62  67  66  75  73  71  77DEPTHS 50C
  39  47  53  56  59  59  62  67  62  66  71  68  70  71  75DEPTHS 51C
  43  50  55  56  58  60  63  66  63  66  74  70  68  70  74DEPTHS 52C
  45  53  57  57  59  60  63  65  62  68  75  69  66  70  72DEPTHS 53C
  48  53  57  58  60  61  63  64  63  65  75  68  69  71  73DEPTHS 54C
  49  54  58  59  61  61  62  65  64  68  74  68  68  71  74DEPTHS 55C
  50  54  57  59  60  61  63  64  64  71  72  69  71  69  74DEPTHS 56C
  51  55  58  60  60  61  61  64  66  75  69  68  71  70  70DEPTHS 57C
  51  55  58  61  61  62  63  67  68  75  74  66  71  73  68DEPTHS 58C
  53  55  59  61  62  66  66  69  70  73  75  74  74  70  67DEPTHS 59C
  52  56  59  61  63  64  66  69  71  74  73  76  72  66  65DEPTHS 60C
  52  57  58  60  63  63  64  61  71  71  72  69  65  62  66DEPTHS 61C
  51  56  59  60  62  61  61  64  61  70  69  66  57  55  60DEPTHS 62C
  49  55  60  61  60  61  56  62  64  65  63  54  55  58  62DEPTHS 63C
  43  52  58  61  59  59  62  55  64  61  66  56  55  58  61DEPTHS 64C
  35  47  54  61  60  59  56  63  57  64  64  55  58  60  62DEPTHS 65C
  35  41  50  59  62  61  58  61  63  60  65  58  60  63  65DEPTHS 66C
   3  35  46  53  60  61  64  59  63  62  63  53  56  67  70DEPTHS 67C
   3   2  35  52  58  45  63  66  62  65  57  57  56  58  67DEPTHS 68C
   5   2  35  41  37  35  37  40  50  60  66  59  60  64  66DEPTHS 69C
   5   3   2  40  27  30  35  37  40  50  65  64  61  61  68DEPTHS 70C
   3   3   2  -2  25  27  30  35  37  40  60  64  61  62  66DEPTHS 71C
  -3   2   2   2   2  25  27  30  35  37  40  55  57  63  65DEPTHS 72C
 -13  -4   2   2   2   2  25  27  30  35  37  40  52  58  60DEPTHS 73C
  -9 -12  -7   2   2   2  -1  25  27  30  35  37  40  66  62DEPTHS 74C
  -4 -12 -12 -10  -2   4   1   1  25  27  30  35  37  40  66DEPTHS 75C
  -4  -4 -10 -12 -14  -7   1   1  -1  25  27  30  35  37  40DEPTHS 76C
  -9  -4  -4  -4 -13 -14 -12   1   1  -3  33  27  30  35  37DEPTHS 77C
 -24 -17  -6  -4  -5 -10 -10 -10   1   3   4  20  27  30  35DEPTHS 78C
 -25 -26 -25 -15  -5  -5  -7  -8  -8  -6   6   7   9  27  30DEPTHS 79C
 -25 -25 -25 -25 -23 -13  -7  -5  -5  -5  -5  -5   8   6  27DEPTHS 80C
 -25 -25 -25 -25 -25 -25 -25 -22 -11  -5  -5  -5  -4   6   5DEPTHS 81C
 -25 -25 -25 -25 -25 -25 -26 -26 -26 -25 -21 -11  -6  -1  -3DEPTHS 82C
 -22 -22 -23 -23 -24 -25 -25 -26 -27 -28 -28 -28 -25  -2  -5DEPTHS 83C
 -22 -22 -23 -23 -24 -24 -24 -25 -25 -26 -25 -25 -25  -3 -25DEPTHS 84C
 -22 -22 -23 -25 -25 -24 -24 -25 -25 -25 -25 -24 -23  -5 -24DEPTHS 85C
 -24 -24 -25 -27 -32 -28 -26 -25 -25 -25 -25 -24 -23 -15 -24DEPTHS 86C
 -24 -24 -27 -30 -31 -33 -36 -36 -36 -36 -31 -29 -28 -26 -26DEPTHS 87C
 -24 -24 -27 -30 -31 -33 -36 -36 -36 -36 -36 -36 -36 -36 -36DEPTHS 88C
 -24 -24 -27 -30 -31 -33 -36 -36 -36 -36 -36 -36 -36 -36 -36DEPTHS 89C
 -26 -26 -26 -26 -26 -23 -21 -21 -20 -20 -20 -20 -21 -21 -21DEPTHS  1D
 -26 -24 -24 -23 -21 -21 -20 -14 -19 -19 -20 -20 -21 -21 -21DEPTHS  2D
 -22 -22 -23 -22 -21 -20   3   2 -22 -21 -20 -16 -10   3   3DEPTHS  3D
 -22 -22 -21 -20 -20 -20   3   3   3   3   3   2   4   4  30DEPTHS  4D
 -19 -13   4   3   3   3   3   3   3  35  35  35  36  40  38DEPTHS  5D
   8   3   3  35  35  35  39  44  47  47  48  49  49  49  50DEPTHS  6D
  35  36  43  48  49  50  51  44  52  47  53  51  50  50  53DEPTHS  7D
  52  54  58  55  54  52  48  43  46  44  45  47  50  50  54DEPTHS  8D
  56  58  55  57  53  51  49  48  44  40  48  47  52  55  55DEPTHS  9D
  60  59  57  57  55  54  53  54  53  56  54  56  61  65  67DEPTHS 10D
  64  63  60  59  63  61  62  64  65  67  68  70  72  75  89DEPTHS 11D
  69  69  69  70  70  69  69  70  70  70  72  74  82  95 112DEPTHS 12D
  72  74  74  74  74  73  75  74  75  77  75  84  99 117 127DEPTHS 13D
  73  70  74  76  75  76  77  79  79  82  90 102 117 128 131DEPTHS 14D
  75  75  74  75  76  79  82  84  89  96  99 118 129 133 141DEPTHS 15D
  75  76  78  77  81  82  84  87  95 101 111 129 134 140 169DEPTHS 16D
  75  76  77  79  79  83  87  92 102 114 130 137 140 163 202DEPTHS 17D
  74  76  76  76  75  85  88 106 120 132 136 139 151 186 246DEPTHS 18D
  72  74  75  76  76  83 102 118 129 135 137 145 178 227 272DEPTHS 19D
  70  70  73  76  78  94 113 124 132 135 140 156 198 251 290DEPTHS 20D
  70  71  75  80  81 107 120 127 133 137 147 178 231 275 290DEPTHS 21D
  70  73  78  81  96 118 127 131 136 145 167 221 252 290 290DEPTHS 22D
  70  77  82  96 112 125 130 137 143 156 206 239 273 290 290DEPTHS 23D
  75  81  90 107 122 128 133 141 152 172 227 251 290 290 290DEPTHS 24D
  79  88 100 115 125 130 138 148 161 196 234 271 290 290 290DEPTHS 25D
  82  94 108 117 126 132 142 153 172 222 243 290 290 290 290DEPTHS 26D
  86 101 111 122 128 135 147 160 192 238 251 290 290 290 290DEPTHS 27D
  90 104 113 124 130 139 152 169 217 243 271 290 290 290 290DEPTHS 28D
  96 108 116 125 133 146 156 182 225 251 290 290 290 290 290DEPTHS 29D
 101 112 121 127 136 150 164 195 229 254 290 290 290 290 290DEPTHS 30D
 104 114 124 130 139 154 168 207 233 267 290 290 290 290 290DEPTHS 31D
 106 118 126 133 144 154 173 218 238 274 290 290 290 290 290DEPTHS 32D
 109 122 128 136 148 161 182 223 241 278 290 290 290 290 290DEPTHS 33D
 112 124 130 138 150 164 186 222 241 290 290 290 290 290 290DEPTHS 34D
 111 125 133 139 152 166 196 224 240 290 290 290 290 290 290DEPTHS 35D
 104 125 134 140 155 171 202 227 247 290 290 290 290 290 290DEPTHS 36D
 107 117 134 141 154 172 200 224 261 290 290 290 290 290 290DEPTHS 37D
 108 117 128 143 157 172 198 226 254 290 290 290 290 290 290DEPTHS 38D
 104 117 129 143 156 173 202 228 252 290 290 290 290 290 290DEPTHS 39D
 103 114 130 140 157 173 199 226 250 290 290 290 290 290 290DEPTHS 40D
 105 113 129 140 154 172 197 225 243 290 290 290 290 290 290DEPTHS 41D
 107 116 127 140 151 168 191 224 253 290 290 290 290 290 290DEPTHS 42D
 105 117 126 137 150 165 182 216 249 290 290 290 290 290 290DEPTHS 43D
 104 117 126 135 148 160 178 218 238 287 290 290 290 290 290DEPTHS 44D
  89 113 127 133 146 156 174 216 243 269 290 290 290 290 290DEPTHS 45D
  88  98 119 134 143 156 172 205 231 263 290 290 290 290 290DEPTHS 46D
  86  95 111 125 140 153 167 187 227 252 290 290 290 290 290DEPTHS 47D
  86  94 107 122 135 149 162 177 221 245 290 290 290 290 290DEPTHS 48D
  84  93 104 118 131 145 157 171 205 239 271 290 290 290 290DEPTHS 49D
  83  93 101 115 129 143 151 168 192 227 256 290 290 290 290DEPTHS 50D
  85  92 102 111 127 137 144 160 176 215 239 287 290 290 290DEPTHS 51D
  83  93  98 108 123 131 140 153 169 194 233 257 290 290 290DEPTHS 52D
  83  88  91  97 115 127 136 148 162 174 217 241 290 290 290DEPTHS 53D
  80  84  91  99 105 122 133 142 154 168 193 232 261 290 290DEPTHS 54D
  81  81  87  97 104 113 129 138 148 159 172 219 240 290 290DEPTHS 55D
  77  80  81  91  99 104 114 129 139 154 163 194 232 257 290DEPTHS 56D
  75  76  78  91  97  99 105 117 133 145 159 169 220 245 276DEPTHS 57D
  69  74  79  83  92  99 103 105 117 135 153 161 181 234 254DEPTHS 58D
  73  71  82  85  91  98 102 107 108 121 140 155 165 207 242DEPTHS 59D
  66  73  70  79  87  94 100 102  99 105 119 143 157 169 211DEPTHS 60D
  68  71  74  73  88  91  99 103  98 101 114 122 143 160 173DEPTHS 61D
  66  71  76  79  88  94  98 101  99  99 109 110 123 142 156DEPTHS 62D
  65  70  77  78  84  92  95  98 100  99 105 104 111 129 145DEPTHS 63D
  68  72  77  75  85  92  89  94 101 102 104 103 108 110 129DEPTHS 64D
  67  74  77  79  83  91  92  91 100 103 104 102 106 103 112DEPTHS 65D
  70  72  76  78  83  86  93  84  95  97 100 105 108 100 103DEPTHS 66D
  73  72  75  78  82  85  94  91  90  94  98 103 108  97  99DEPTHS 67D
  68  70  74  78  83  85  87  89  86  90  95 100 106  96  97DEPTHS 68D
  67  70  73  79  82  82  84  88  90  91  95  96 102 100 103DEPTHS 69D
  70  72  73  74  76  81  85  84  86  90  95  97 101 106  99DEPTHS 70D
  67  70  65  69  77  82  83  89  90  93  99 101 103 101  86DEPTHS 71D
  67  67  69  75  80  84  83  88  88  90  93  96  86  92  85DEPTHS 72D
  64  63  66  75  77  81  80  86  84  86  86  88  80  88  91DEPTHS 73D
  64  62  62  68  70  80  80  82  76  79  78  81  82  83  94DEPTHS 74D
  67  66  62  66  68  75  75  75  79  80  74  78  88  84  87DEPTHS 75D
  64  67  69  70  69  74  73  74  77  73  73  78  85  88  67DEPTHS 76D
  40  60  60  63  64  68  72  68  71  72  65  72  76  86  68DEPTHS 77D
  37  40  56  54  57  62  64  64  58  68  67  64  75  79  67DEPTHS 78D
  35  37  40  58  60  61  62  62  62  59  69  61  67  80  81DEPTHS 79D
  30  35  37  40  55  60  63  61  58  57  55  54  59  64  74DEPTHS 80D
   3  30  35  37  58  57  60  62  62  60  59  63  65  67  69DEPTHS 81D
   3   3   3  35  53  56  56  62  66  65  65  65  65  70  72DEPTHS 82D
  -6  -7   3   3   3  20  30  54  58  63  64  64  63  62  63DEPTHS 83D
 -27  -7  -7  -8   3   3   3   3  45  49  58  62  64  65  65DEPTHS 84D
 -26 -27 -27  -8  -8  -8  -8   3   3   3   3  50  50  55  58DEPTHS 85D
 -24 -24 -27 -26 -26 -25  -6  -4  -4  -2   2   2   2   2   2DEPTHS 86D
 -27 -28 -27 -26 -18 -10  -7  -5 -25 -28 -29 -28 -20 -13   2DEPTHS 87D
 -33 -33 -30 -28 -28 -27 -25 -25 -25 -28 -29 -28 -27 -25 -24DEPTHS 88D
 -33 -33 -30 -28 -28 -27 -25 -25 -25 -28 -29 -28 -27 -25 -24DEPTHS 89D
 -21 -22 -22 -22 -22 -22 -22 -22 -22                        DEPTHS  1E
 -21   4   4   2   7   6  -6  -7  -7                        DEPTHS  2E
   4   5  30  30  30  28  25  25  25                        DEPTHS  3E
  31  31  33  39  42  40  40  40  40                        DEPTHS  4E
  43  49  47  53  56  52  50  50  50                        DEPTHS  5E
  51  54  55  58  60  63  65  65  65                        DEPTHS  6E
  52  55  59  68  70  79  80  80  80                        DEPTHS  7E
  52  60  68  78  93 110 110 110 110                        DEPTHS  8E
  56  70  83 108 123 137 170 170 170                        DEPTHS  9E
  76  95 121 128 148 194 250 250 250                        DEPTHS 10E
 107 124 131 149 191 269 290 290 290                        DEPTHS 11E
 127 132 151 183 254 290 290 290 290                        DEPTHS 12E
 132 147 190 252 290 290 290 290 290                        DEPTHS 13E
 141 174 242 290 290 290 290 290 290                        DEPTHS 14E
 170 229 286 290 290 290 290 290 290                        DEPTHS 15E
 226 274 290 290 290 290 290 290 290                        DEPTHS 16E
 261 290 290 290 290 290 290 290 290                        DEPTHS 17E
 290 290 290 290 290 290 290 290 290                        DEPTHS 18E
 290 290 290 290 290 290 290 290 290                        DEPTHS 19E
 290 290 290 290 290 290 290 290 290                        DEPTHS 20E
 290 290 290 290 290 290 290 290 290                        DEPTHS 21E
 290 290 290 290 290 290 290 290 290                        DEPTHS 22E
 290 290 290 290 290 290 290 290 290                        DEPTHS 23E
 290 290 290 290 290 290 290 290 290                        DEPTHS 24E
 290 290 290 290 290 290 290 290 290                        DEPTHS 25E
 290 290 290 290 290 290 290 290 290                        DEPTHS 26E
 290 290 290 290 290 290 290 290 290                        DEPTHS 27E
 290 290 290 290 290 290 290 290 290                        DEPTHS 28E
 290 290 290 290 290 290 290 290 290                        DEPTHS 29E
 290 290 290 290 290 290 290 290 290                        DEPTHS 30E
 290 290 290 290 290 290 290 290 290                        DEPTHS 31E
 290 290 290 290 290 290 290 290 290                        DEPTHS 32E
 290 290 290 290 290 290 290 290 290                        DEPTHS 33E
 290 290 290 290 290 290 290 290 290                        DEPTHS 34E
 290 290 290 290 290 290 290 290 290                        DEPTHS 35E
 290 290 290 290 290 290 290 290 290                        DEPTHS 36E
 290 290 290 290 290 290 290 290 290                        DEPTHS 37E
 290 290 290 290 290 290 290 290 290                        DEPTHS 38E
 290 290 290 290 290 290 290 290 290                        DEPTHS 39E
 290 290 290 290 290 290 290 290 290                        DEPTHS 40E
 290 290 290 290 290 290 290 290 290                        DEPTHS 41E
 290 290 290 290 290 290 290 290 290                        DEPTHS 42E
 290 290 290 290 290 290 290 290 290                        DEPTHS 43E
 290 290 290 290 290 290 290 290 290                        DEPTHS 44E
 290 290 290 290 290 290 290 290 290                        DEPTHS 45E
 290 290 290 290 290 290 290 290 290                        DEPTHS 46E
 290 290 290 290 290 290 290 290 290                        DEPTHS 47E
 290 290 290 290 290 290 290 290 290                        DEPTHS 48E
 290 290 290 290 290 290 290 290 290                        DEPTHS 49E
 290 290 290 290 290 290 290 290 290                        DEPTHS 50E
 290 290 290 290 290 290 290 290 290                        DEPTHS 51E
 290 290 290 290 290 290 290 290 290                        DEPTHS 52E
 290 290 290 290 290 290 290 290 290                        DEPTHS 53E
 290 290 290 290 290 290 290 290 290                        DEPTHS 54E
 290 290 290 290 290 290 290 290 290                        DEPTHS 55E
 290 290 290 290 290 290 290 290 290                        DEPTHS 56E
 290 290 290 290 290 290 290 290 290                        DEPTHS 57E
 290 290 290 290 290 290 290 290 290                        DEPTHS 58E
 269 290 290 290 290 290 290 290 290                        DEPTHS 59E
 242 288 290 290 290 290 290 290 290                        DEPTHS 60E
 221 244 290 290 290 290 290 290 290                        DEPTHS 61E
 175 216 245 290 290 290 290 290 290                        DEPTHS 62E
 154 171 222 243 290 290 290 290 290                        DEPTHS 63E
 140 153 167 215 239 290 290 290 290                        DEPTHS 64E
 125 142 152 166 203 231 290 290 290                        DEPTHS 65E
 112 130 141 147 159 179 222 264 264                        DEPTHS 66E
 100 111 123 140 149 158 170 198 198                        DEPTHS 67E
  95 103 110 125 140 148 149 158 158                        DEPTHS 68E
  96  99 102 113 114 119 134 146 146                        DEPTHS 69E
  93  90  94 103 108 108 117 128 128                        DEPTHS 70E
  84  84  89  96 102 103 109 115 115                        DEPTHS 71E
  86  83  81  94 102 103 104 118 118                        DEPTHS 72E
  74  76  78  84  89  93  98 108 108                        DEPTHS 73E
  72  74  78  80  88  92 100 102 102                        DEPTHS 74E
  69  68  74  83  89  92  92  95  95                        DEPTHS 75E
  66  68  75  82  92  93  87  94  94                        DEPTHS 76E
  68  69  76  81  90  89  87  91  91                        DEPTHS 77E
  63  66  71  77  88  90  80  85  85                        DEPTHS 78E
  58  64  76  74  84  84  73  80  80                        DEPTHS 79E
  58  60  66  74  76  79  76  75  75                        DEPTHS 80E
  71  56  62  71  65  80  73  72  72                        DEPTHS 81E
  72  65  61  71  63  72  68  66  66                        DEPTHS 82E
  65  67  71  70  63  64  66  62  62                        DEPTHS 83E
  66  68  67  65  62  61  65  58  58                        DEPTHS 84E
  59  58  61  65  64  64  62  60  60                        DEPTHS 85E
  50  49  57  61  63  63  61  58  58                        DEPTHS 86E
   2   2   2   2  50  50  30  51  51                        DEPTHS 87E
 -21 -21 -18   2   2   2   4   4   4                        DEPTHS 88E
 -21 -21 -18   2   2   2   4   4   4                        DEPTHS 89E
   0       NUMBER OF SPECIAL INTERIOR LEVEE POINTS NOT INITIALIZED (I,J)
