PALM BEACH         POLAR BASIN (71,173)     REVISED  11:05:2009--14:17  
89.444                        X-AXIS SLOPE ON LINE FRM ORIGN TO MOUTH   
26.70833  80.03               LAT/LONG OF MOUTH POINT (ALT0,ALN0)       
.62166                        DEGREE DIFF BETW RAYS ON POLAR GRID       
   10   60   60  112          GRID LINES FROM ORIGIN (IB,IE,JB,JE)      
08.       08.       08.       TIME STEPS                               
78.34                         MILES FROM MOUTH TO ORIGIN                                 
442                   TOTAL NUMBER OF BARRIER POINTS,(I,J,HW)
  2  612.  3  612.  4  612.  4106 6.  5  210.  5  312.  5  612.BARR  1
  5  712.  510612.  6  310.  6  412.  6  712.  610625.  7  412.BARR  2
  7  712.  7  812.  712113.  8  812.  8 1312.  8 1412.  8 1512.BARR  3
  8 1612.  8 1711.  8 1811.  8 6730.  8 6830.  8 6930.  8 7030.BARR  4
  8 82 7.  8 83 7.  8 8410.  8 8510.  8 9030.  8 9130.  8 9230.BARR  5
  8 9330.  8 9430.  8 9530.  8 9627.  8 9725.  8 9825.  8 9922.BARR  6
  810015.  810136.  8104 9.  812416.  812516.  9  812.  9 1212.BARR  7
  9 1312.  9 4625.  9 4736.  9 4836.  9 4936.  9 5036.  9 5125.BARR  8
  9 5225.  9 5325.  9 5425.  9 5525.  9 5625.  9 5730.  9 5830.BARR  9
  9 5930.  9 6030.  9 6130.  9 6236.  9 6336.  9 6436.  9 6536.BARR 10
  9 6636.  9 6730.  9 8115.  9 8215.  9 8315.  9 8425.  9 8525.BARR 11
  9 8636.  9 8736.  9 8836.  9 8936.  9 9036.  9100 7.  910136.BARR 12
  910236.  910336.  910430.  911036.  911136.  911236.  911336.BARR 13
  911436.  911536. 10 1112. 10 1212. 10 3922. 10 4022. 10 4122.BARR 14
 10 4222. 10 4325. 10 4425. 10 4530. 10 4630. 10 5614. 10 71 5.BARR 15
 10 72 5. 10 7825. 10 7925. 10 8013. 10 8118. 10 8215. 10 8318.BARR 16
 10 8420. 10 8520. 10 8618. 10 8718. 10 8818. 10 8918. 10 9018.BARR 17
 10 9111. 10 92 8. 10 93 8. 10 94 7. 10 95 7. 10 96 7. 10 97 8.BARR 18
 10 98 9. 10 99 6. 10100 8. 10110 5. 1011536. 1011636. 1011736.BARR 19
 1011836. 1011936. 11  912. 11 1012. 11 1112. 11 3125. 11 3220.BARR 20
 11 3320. 11 3915. 11 4015. 11 4115. 11 4215. 11 4313. 11 4416.BARR 21
 11 4510. 11 4616. 11 4715. 11 4815. 11 4915. 11 5015. 11 51 8.BARR 22
 11 5215. 11 5315. 11 5417. 11 5517. 11 5616. 11 5717. 11 5817.BARR 23
 11 5917. 11 6015. 11 6115. 11 6213. 11 6313. 11 6415. 11 6512.BARR 24
 11 6613. 11 6713. 11 6812. 11 6915. 11 7015. 11 7115. 11 7215.BARR 25
 11 7315. 11 7425. 11 7530. 11 7630. 11 7722. 11 7822. 1110012.BARR 26
 1110112. 11102 8. 1110310. 1110410. 11105 8. 11106 8. 11107 9.BARR 27
 11108 8. 11109 8. 11110 8. 11111 8. 1111936. 1112030. 1112130.BARR 28
 1112230. 1112336. 12  912. 12 3012. 12 3115. 12 3220. 12 3320.BARR 29
 12 3418. 12 3515. 12 3615. 12 3715. 12 3815. 12 3915. 12111 8.BARR 30
 12112 8. 12113 7. 12114 7. 1211512. 1211612. 1212330. 1212430.BARR 31
 1212530. 13  9 8. 13 2814. 13 2913. 13 3013. 13 3117. 13 3220.BARR 32
 13116 7. 13117 7. 13118 6. 13119 6. 13120 7. 1312525. 1312625.BARR 33
 1312730. 1312836. 14  9 7. 14 10 8. 14 1812. 14 1915. 14 2010.BARR 34
 14 21 8. 14 2210. 14 2312. 14 2410. 14 2515. 14 2615. 14 2718.BARR 35
 14 2815. 14120 7. 14121 7. 14122 7. 14123 8. 14125 5. 14127 6.BARR 36
 1412836. 1412936. 1413036. 15 10 8. 15 11 8. 15 12 8. 15 1510.BARR 37
 15 1610. 15 1712. 15 1812. 15 2012. 15 2112. 15 2212. 15 2312.BARR 38
 15123 8. 15124 8. 1512515. 1512615. 1513036. 1513136. 1513236.BARR 39
 1513336. 16 1212. 16 1315. 16 1412. 16 1512. 16 1612. 16 1712.BARR 40
 16 1812. 16 1912. 16 2012. 1612515. 1612615. 16127 9. 16128 9.BARR 41
 1613336. 1613436. 1613536. 17  915. 17 1012. 17 13 8. 17 14 6.BARR 42
 17 1512. 17 1612. 17 1712. 17 1812. 1712810. 1712910. 1713010.BARR 43
 17132 3. 1713536. 1713630. 1713730. 18  810. 18  910. 18 12 6.BARR 44
 18 1311. 18 1412. 18 1512. 1813011. 1813117. 1813212. 1813725.BARR 45
 1813825. 19 10 7. 19 11 7. 19 12 7. 1913210. 1913310. 19134 5.BARR 46
 19135 3. 1913825. 1913930. 20  8 7. 20  9 7. 20 10 7. 2013312.BARR 47
 2013412. 2013512. 2013612. 21  610. 21  7 7. 21  8 7. 2113612.BARR 48
 2113712. 2114336. 22  512. 22  612. 2213712. 2213813. 2213913.BARR 49
 2214010. 2214336. 2214436. 2214536. 23  2 6. 23  310. 23  417.BARR 50
 23  517. 2313913. 2314013. 2314536. 2314636. 24  212. 24  310.BARR 51
 2414014. 2414114. 2414214. 2414317. 2414417. 2414636. 2514214.BARR 52
 2514314. 2514417. 2514517. 2514617. 2614314. 2614414. 2614514.BARR 53
 2714513. 2714613. 2714713. 2814711. 2814810. 28149 9. 2815216.BARR 54
 29149 8. 2915010. 2915110. 3015112. 3015212. 3015316. 3115316.BARR 55
 3115416. 3215414. 3215514. 3315516. 3315616. 3315716. 3315816.BARR 56
 3415816. 3515816. 3515916. 3516016. 3616016. 3616116. 3716116.BARR 57
 3716215. 3716315. 3816315. 3916315. 3916415. 4016415. 4016515.BARR 58
 4116515. 4116615. 4216615. 4216715. 4316715. 43169 5. 4416713.BARR 59
 4416813. 44169 7. 44170 8. 4516813. 4516913. 45170 7. 45171 5.BARR 60
 4616911. 46171 5. 4716910. 4717011. 47171 5. 47172 7. 4817011.BARR 61
 4817220. 4917010. 4917111. 5017111. 5117111. 5217111. 5317110.BARR 62
 5317210. 5417210. 65 1536. 65 1636. 65 1736. 68  936. 69  836.BARR 63
 69  936.                                                      BARR 64
286 X                 TOTAL NUMBER 1D FLOW POINTS,(I,J,ISIDE,IANG)
  1100 2-45  1106 2     2100 4 45  2101 2-30  2127 2     2128 3   F   1
  3101 4 50  3102 4     3103 4 30  3104 4 30  3105 2-50  3107 3   F   2
  3109 3-30  3110 3-50  3112 1-50  3113 3 45  3114 3 45  3127 2   F   3
  4106 3 20  4127 2     5 85 3-20  5105 2     5114 1-30  5115 3 30F   4
  5116 3     5117 3     5118 3     5125 2     5126 3     5127 3   F   5
  6 53T4     6 54T4     6 55T2-45  6105 2     6106T1     6118 1-45F   6
  6119 3     6121 3 45  6125 2     7 46 4     7 47 4     7 48 4   F   7
  7 50T3     7 50T4     7 51T4     7 52T4     7 53T1 45  7 57 2 70F   8
  7 81 2 20  7 83 3-30  7 96 4     7 97 4     7104 2 45  7106 4   F   9
  7107 4     7108 4     7109 2-45  7121 1-30  7124 2 45  7125 3-45F  10
  8 38 4     8 39 4     8 40 4     8 41 4     8 43 3     8 44 3   F  11
  8 45 3     8 55 2     8 56 3-45  8 57 3-20  8 85 3     8 86 3   F  12
  8100 2 30  8103 3     8104 3     8109 4     8110 4     8111 4   F  13
  8112 4     8113 4     8114 4     8121 1-25  8122 3     8123 3   F  14
  8124 3     8125 3     8126 3     9 19 2     9 60 3     9 71 3-30F  15
  9 72 3 10  9 73 3 10  9 74 3 20  9 75 3     9 76 3     9 77 3-20F  16
  9 79 3     9 80 3     9 82 3     9 84 3     9 87 3     9 89 3-20F  17
  9 92 3     9 93 3-30  9 97 3-20  9100 4 20  9102 3     9103 3   F  18
  9105 3     9106 3     9107 3     9109 3     9110 3     9110 4   F  19
  9112 3     9116 4     9117 4     9118 4     9119 2    10 19 2   F  20
 10 29 2    10 38 2 70 10 39 3-20 10 40 3-20 10 41 3    10 42 3   F  21
 10 43 3    10 44 3    10 45 3    10 46 3    10 48 3    10 50 3   F  22
 10 57 3    10 59 3-20 10 62 1-70 10 65 3    10 69 3    10115 3   F  23
 10115 4    10116 4    10119 4    10120 4    11 32 3-20 11 36 3-20F  24
 11 37 3-20 11 38 3-20 11125 2    12 27 2 20 12 28 3-20 12 29 3-30F  25
 12 30 3-20 12122 3    12123 3 30 12124 3 30 12125 4    12126 4   F  26
 12127 4    12128 2-45 13  9 4 30 13 10 2-60 13 20 4 30 13 21 2-30F  27
 13 22 2 70 13 23 3-20 13 24 3-20 13 25 3 20 13 26 3-20 13 27 3-30F  28
 13115 3    13124 1-60 13128 4 45 14 10 4 20 14 11 4-20 14 12 4 40F  29
 14 13 2-40 14 19 2 50 14 20 3-20 14 21 3-20 14 22 3-20 14124 1   F  30
 14127 1-45 14128 3 45 14129 3 40 15 15 2 50 15 16 3-20 15 17 2 60F  31
 15 18 3-30 15 19 3-40 15129 1-60 15130 3 30 16 14 2 60 16 16 3-30F  32
 16 17 3-40 16130 1-60 16131 3 30 16132 3 30 17  4 2 45 17  5 3   F  33
 17  6 3    17132 1-60 17132 4 30 18  3 2 45 18  4 3-45 18  9 4-30F  34
 18 11 1 60 18135 3 40 19  3 2    19  7 4-40 19  9 1 60 19135 1-60F  35
 19136 3 30 19137 3 45 20  5 4-30 20  6 4-40 20138 3 45 21  4 4-30F  36
 21  5 1 50 21139 3 40 21140 3 40 22  3 4-45 22  4 1 45 22139 1-15F  37
 22140 1-50 22140 3    22149 4    22150 4 45 23141 1-50 23142 3 30F  38
 23143 3 30 23144 3 25 23151 2    24151 4 45 24152 2    25143 1-45F  39
 25144 3    25145 3    25147 3    25152 2-25 26147 1-45 26148 3 45F  40
 26149 3 30 26153 3    27149 1-60 27150 3 45 29153 3 30 31156 3 30F  41
 31157 3 30 32157 1-30 32158 3 25 33158 1-60 33159 3    34159 1   F  42
 34160 3    34163 2    35160 1    35161 3 45 36161 1-45 36162 3 45F  43
 36163 3 45 37163 1-45 38163 1-45 38164 3 45 38165 3 30 39165 1-45F  44
 39166 3 45 39169 3    39170 3    40166 1-45 40166 4 45 40167 2-45F  45
 41167 4 45 41168 2-45 42168 4 45 42169 2-45 43170 2-45 44170 4 45F  46
 44171 2    45169 1-45 45170 3 45 46170 1    47170 1    47172 1   F  47
 53172 1    65 14 4    65 15 2    66 15 2                         FD 48
129           1D FLOW WITH BANKS, (I,J,IS,B1,B2,WTH)
  1100 2    5.0.60  1106 2    5.1.00  2100 4 5. 5.0.60  2101 2 5.   0.60
  3101 4      0.60  3102 4    5.0.60  3103 4 5. 5.0.60  3104 4 5. 4.0.60
  3105 2 4. 4.0.60  3107 3 6. 4.0.80  3112 1 6. 6.0.20  3113 3 6. 6.0.20
  3114 3 6. 6.0.20  4106 3 4. 4.0.60  5 85 3 6. 5.0.10  5114 1 6.   0.10
  5115 3 6. 6.0.10  5116 3 6. 6.0.10  5117 3 6. 6.0.10  5118 3 6. 6.0.10
  6118 1    6.0.10  6119 3 6.   0.10  6121 3    4.1.00  7 57 210.10.0.10
  7 81 2 6. 5.0.60  7 83 3 5. 5.0.40  7104 2      0.80  8 55 2      0.10
  8 56 310.   0.10  8 57 310.10.0.10  8100 2 3.   1.00  8103 3 6. 6.0.80
  8104 3    6.0.80  9 60 3 4. 6.0.40  9 71 3 7. 7.0.10  9 72 3 6. 7.0.10
  9 73 3 6. 6.0.10  9 74 3 6. 6.0.10  9 75 3 5. 6.0.10  9 76 3 6. 5.0.10
  9 77 3 6. 6.0.10  9 79 3 5. 5.0.20  9 80 3 5. 5.0.20  9 82 3    5.0.20
  9 84 3      0.30  9 87 3      0.40  9 89 3      0.40  9 92 3 4. 4.0.10
  9 93 3 3. 4.0.10  9 97 3 2. 2.0.20 10 29 2    6.1.00 10 38 2      0.10
 10 39 3 6.   0.10 10 40 3 6. 6.0.10 10 41 3 7. 6.0.10 10 42 3 7. 7.0.10
 10 43 3 7. 7.0.10 10 44 3 7. 7.0.10 10 45 3 8. 7.0.10 10 46 3 8. 8.0.10
 10 48 3 8. 8.0.70 10 50 3 8. 8.0.40 10 57 3 5. 5.0.80 10 59 3      0.90
 10 62 1 4. 4.0.60 10 65 3 7. 7.0.70 11 32 3 6. 6.0.10 11 36 3 6. 6.0.10
 11 37 3 6. 6.0.10 11 38 3    6.0.10 12 27 2 6. 6.0.10 12 28 3 6. 6.0.10
 12 29 3 6. 6.0.10 12 30 3 6. 6.0.10 13  9 4 4. 4.1.00 13 10 2 4. 4.1.00
 13 20 4 5. 5.0.10 13 21 2 5. 5.0.10 13 22 2 5. 5.0.10 13 23 3 5. 5.0.10
 13 24 3 5. 5.0.10 13 25 3 5. 5.0.10 13 26 3 5. 5.0.10 13 27 3 6. 5.0.10
 14 10 4 4. 4.1.00 14 11 4 4. 4.1.00 14 12 4 4. 4.1.00 14 13 2 4. 3.1.00
 14 19 2 5. 5.0.10 14 20 3 5. 5.0.10 14 21 3 5. 5.0.10 14 22 3 5. 5.0.10
 15 15 2 5. 5.0.10 15 16 3 5. 5.0.10 15 17 2 5. 5.0.10 15 18 3 5. 5.0.10
 15 19 3 5. 5.0.10 16 14 2 3. 3.0.20 16 16 3 5. 5.0.10 16 17 3 5. 5.0.10
 18  9 4 2. 2.0.10 18 11 1 2. 2.0.20 19  7 4 4. 2.0.20 19  9 1 2. 2.0.10
 20  5 4 5. 5.0.10 20  6 4 5. 4.0.10 20138 3 3.   0.70 21  4 4 5. 5.0.10
 21  5 1 5. 5.0.10 21139 3    3.0.30 21140 3      0.30 22  3 4 4. 5.0.10
 22  4 1 5. 5.0.10 22139 1      0.30 22140 1      0.30 22140 3      0.30
 23141 1 3.   0.40 23142 3 3. 3.0.40 23143 3 3. 3.0.40 23144 3    3.0.40
 23151 2      0.20 24151 4      0.20 24152 2      0.20 25143 1      0.20
 25144 3      0.20 25145 3      0.20 25152 2      0.20 26153 3      0.20
 34163 2      0.20
  0                           RAISED WEIRS / REVISED CORNER SMOOTHING  X
FT LAUD. :BOCA RATN:BOYNTON I:L PLM BCH:JUPTER IN:JUPITER  :    STATIONS
ST LUC IN:STUART FT:PERC INL :VERO BEAC:                        STATIONS
 43 56 55 42 53 42 42  6 14 20                                   I COORD
  7 11 43 61 84107101105125137                                   J COORD
  0                           NUMBER OF CHANNELS                       X
128          NO. OF CUTS, CHOKES & TRANSTNS(I,J,S,B1,B2,W1,W2,W3,ANG)
  2106 2  5.  4. 0.10 1.00 0.80                            CUT  1
  2110 2  6.     0.70 0.70 1.00 45                         CUT  2
  2111 3  6.  6. 0.40 0.40 0.70-30                         CUT  3
  2112 3  6.  6. 0.20 0.20 0.40 20                         CUT  4
  3106 2  4.  4. 0.60 0.80 0.60 20                         CUT  5
  3108 3      6. 0.60 1.00 0.80 20                         CUT  6
  4 85 2  4.  6. 0.10 1.00 0.10-30                         CUT  7
  4105 2  4.     0.30 0.60 1.00-20                         CUT  8
  4114 1      6. 0.10 0.10 0.20-30                         CUT  9
  5 84 2  5.  7. 0.10 0.10 0.20 40                         CUT 10
  6 83 2  7.  5. 0.30 0.30 0.40 60                         CUT 11
  6 84 3  7.  7. 0.20 0.20 0.30-30                         CUT 12
  6120 3  4.  6. 0.10 1.00 0.10 20                         CUT 13
  7 55 2         0.10 1.00 0.10-40                         CUT 14
  7 82 3  5.  6. 0.30 0.40 0.60-45                         CUT 15
  7 98 4      6. 0.10 1.00 0.20                            CUT 16
  7 99 4  6.     0.20 0.20 0.70 40                         CUT 17
  7100 2      3. 0.70 0.70 1.00 30                         CUT 18
  7101 3  8.     0.50 0.60 0.70 40                         CUT 19
  7105 3         0.80 1.00 0.80-30                         CUT 20
  8 80 2  5.  5. 0.20 0.40 0.20 30                         CUT 21
  8 81 3  5.  5. 0.40 0.60 0.40-60                         CUT 22
  8 82 3  5.  5. 0.10 0.20 0.60 20                         CUT 23
  8 83 3      5. 0.10 0.10 0.20-30                         CUT 24
  8 84 3         0.10 1.00 0.10                            CUT 25
  8 99 2  4.  3. 0.20 0.20 0.40 60                         CUT 26
  8 99 4  4.  3. 0.20 0.20 1.00-30                         CUT 27
  8101 1  6.  8. 0.50 0.50 0.60-45                         CUT 28
  8102 3  6.  6. 0.40 0.80 0.50-30                         CUT 29
  9 59 2  6.     0.40 0.40 0.90 70                         CUT 30
  9 61 3  4.  4. 0.30 0.40 0.40                            CUT 31
  9 62 3  4.  4. 0.40 0.60 0.40 20                         CUT 32
  9 70 2  7.  6. 0.10 0.10 0.60 40                         CUT 33
  9 78 3  5.  6. 0.10 0.20 0.10 20                         CUT 34
  9 80 2  5.     0.20 0.20 1.00 30                         CUT 35
  9 81 3  5.  5. 0.10 0.20 0.20 30                         CUT 36
  9 83 3         0.20 0.30 0.20                            CUT 37
  9 85 3         0.10 0.30 0.30                            CUT 38
  9 86 3         0.30 0.40 0.30-20                         CUT 39
  9 88 3         0.20 0.40 0.40                            CUT 40
  9 90 3         0.20 0.30 0.40                            CUT 41
  9 91 3  4.     0.10 0.10 0.30                            CUT 42
  9 94 3      3. 0.10 0.20 0.10                            CUT 43
  9 95 3  2.     0.20 0.40 0.20                            CUT 44
  9 96 3  2.  2. 0.20 0.20 0.40                            CUT 45
  9 98 3  2.  2. 0.20 0.30 0.20                            CUT 46
  9 99 2  3.     0.40 0.40 1.00 40                         CUT 47
  9 99 3  3.  2. 0.20 0.40 0.30                            CUT 48
  9100 3      3. 0.40 1.00 0.40-40                         CUT 49
  9103 4         0.60 1.00 1.00                            CUT 50
  9108 3         0.40 1.00 1.00 20                         CUT 51
 10 47 2  8.     0.10 0.70 1.00                            CUT 52
 10 47 3  8.  8. 0.10 0.70 0.10                            CUT 53
 10 49 3  8.  8. 0.40 0.40 0.70                            CUT 54
 10 51 3  8.  8. 0.30 0.60 0.40                            CUT 55
 10 52 3  8.  8. 0.60 0.80 0.60                            CUT 56
 10 53 3  8.  8. 0.40 0.50 0.80                            CUT 57
 10 54 3  6.  8. 0.50 0.70 0.50                            CUT 58
 10 55 3  6.  6. 0.40 0.50 0.70                            CUT 59
 10 56 3  5.  6. 0.40 0.80 0.50                            CUT 60
 10 58 3      5. 0.50 0.90 0.80-20                         CUT 61
 10 63 3  7.  4. 0.40 0.60 0.60                            CUT 62
 10 64 3  7.  7. 0.50 0.70 0.60                            CUT 63
 10 66 2  7.     0.20 0.50 1.00                            CUT 64
 10 66 3  7.  7. 0.40 0.50 0.70                            CUT 65
 10 67 3  7.  7. 0.40 0.60 0.50                            CUT 66
 10 68 3      7. 0.60 1.00 0.60                            CUT 67
 10 70 3  6.     0.50 0.60 1.00-20                         CUT 68
 10 71 3      6. 0.40 0.50 0.60                            CUT 69
 10 72 3         0.10 0.20 0.50                            CUT 70
 11 29 2  6.  6. 0.10 1.00 0.10 30                         CUT 71
 11 31 2  6.     0.10 0.10 0.40 70                         CUT 72
 11 33 3  6.  6. 0.10 0.30 0.10-20                         CUT 73
 11 34 3  6.  6. 0.10 0.20 0.30-20                         CUT 74
 11 35 3  6.  6. 0.10 0.10 0.20-30                         CUT 75
 12  8 4         0.10 1.00 1.00 80                         CUT 76
 12 30 2  6.     0.10 0.10 1.00 50                         CUT 77
 12 31 3      6. 0.10 0.40 0.10-20                         CUT 78
 13 25 2  5.     0.10 0.10 1.00 30                         CUT 79
 13125 2  2.  2. 0.50 0.70 0.50 30                         CUT 80
 13125 3  2.     0.40 0.70 1.00 20                         CUT 81
 13126 3      2. 0.70 1.00 0.70 45                         CUT 82
 13127 3         0.60 1.00 1.00 40                         CUT 83
 14 16 2  5.  5. 0.10 1.00 0.10-40                         CUT 84
 14125 2  2.     0.30 0.50 0.30 40                         CUT 85
 15 13 2  3.  3. 0.10 1.00 0.30-20                         CUT 86
 15125 2         0.30 0.30 1.00 20                         CUT 87
 15127 1         0.10 0.30 1.00                            CUT 88
 16 13 2  3.  3. 0.20 0.30 0.20 45                         CUT 89
 16 15 3  5.  3. 0.10 0.10 0.20-60                         CUT 90
 17 11 4  2.  3. 0.20 0.20 0.40-45                         CUT 91
 17 12 2  3.     0.30 0.40 1.00-40                         CUT 92
 17 13 3  3.  3. 0.20 0.20 0.40-45                         CUT 93
 17 14 3  3.  3. 0.10 0.20 0.20-30                         CUT 94
 17131 4         0.50 0.50 1.00                            CUT 95
 18 10 4  2.  2. 0.10 0.10 0.20-30                         CUT 96
 19  8 4  2.  2. 0.10 0.20 0.10-40                         CUT 97
 19133 4      1. 0.10 0.10 0.30 30                         CUT 98
 19134 1  1.     0.30 0.30 1.00 40                         CUT 99
 20  7 1  4.  4. 0.10 0.10 0.20 50                         CUT100
 20137 1         0.70 0.70 1.00-45                         CUT101
 21138 1  3.  3. 0.30 0.30 0.70-50                         CUT102
 22  1 4  4.  3. 0.10 0.60 0.70 50                         CUT103
 22  2 4  3.  4. 0.10 0.70 0.10-30                         CUT104
 22141 3         0.30 0.40 0.30 20                         CUT105
 22151 2         0.20 1.00 0.20-30                         CUT106
 23  1 4  3.  3. 0.10 0.50 0.30-30                         CUT107
 23  2 1  3.  3. 0.10 0.30 0.70 45                         CUT108
 24142 1      3. 0.30 0.30 0.40-25                         CUT109
 24143 3         0.20 0.20 0.30 50                         CUT110
 24144 1         0.40 0.80 0.40-60                         CUT111
 24145 3         0.50 0.80 0.80                            CUT112
 24146 3         0.30 0.60 0.80 25                         CUT113
 25146 1         0.60 1.00 0.60-45                         CUT114
 25146 3         0.20 1.00 0.20                            CUT115
 26152 2         0.20 0.20 0.50                            CUT116
 27152 2         0.20 0.50 1.00                            CUT117
 29151 2         0.10 1.00 1.00-30                         CUT118
 33163 2         0.10 1.00 0.20                            CUT119
 34164 3         0.10 1.00 0.20                            CUT120
 35163 2         0.10 0.20 1.00                            CUT121
 42168 2         0.20 1.00 0.30                            CUT122
 43168 2         0.30 0.30 0.60-45                         CUT123
 43169 4         0.30 1.00 1.00 45                         CUT124
 44168 4         0.60 0.60 1.00 45                         CUT125
 65 14 1         0.30 1.00 1.00                            CUT126
 65 16 3         0.50 0.50 1.00                            CUT127
 68  9 3         0.20 1.00 1.00 45                         CUT128
 -1    TREE  POINTS(=1),OTHERWISE NO TREE
999999999999999999999999998866666666666666666666666666666666 TREE  1
66666666666
911111111111111111111111555222222222222222222222222222222222 TREE  2
22222222226
911111111111111111111111552222222222222222222222222222222222 TREE  3
22222222226
911111111111111111111115522222222222222222222222222222222222 TREE  4
22222222226
911111111111111111111115222222222222222222222222222222222222 TREE  5
22222222226
911111111111111111111155222222222222222222222222222222222222 TREE  6
22222222556
911111111111111111111552222222222222222222222222222222222222 TREE  7
22222225558
911111111111111111111522222222222222222222222222222222222222 TREE  8
22222225454
911111111111111111115522222222222222222222222222222222222222 TREE  9
22222254459
911111111111111111315222222222222222222222222222222222222222 TREE 10
22222555559
911111111111111111155222222222222222222222222222222222222222 TREE 11
22222555558
911111111111111111152222222222222222222222222222222222222222 TREE 12
22225555558
911111111111111111552222222222222222222222222222222222222222 TREE 13
22224455556
911111111111111111522222222222222222222222222222222222222222 TREE 14
22254444556
911111111111111111522222222222222222222222222222222222222222 TREE 15
22254444556
911111111111111115222222222222222222222222222222222222222222 TREE 16
22554445556
911111111111111115222222222222222222222222222222222222222222 TREE 17
22554445556
911111111111111115222222222222222222222222222222222222222222 TREE 18
22555555556
911111111111111152222222222222222222222222222222222222222222 TREE 19
22555555556
911111111111111152222222222222222222222222222222222222222222 TREE 20
22555555556
911111111111111522222222222222222222222222222222222222222222 TREE 21
22255555556
411111111111111522222222222222222222222222222222222222222222 TREE 22
22255555556
411111111111111522222222222222222222222222222222222222222222 TREE 23
22225555556
411111111111115222222222222222222222222222222222222222222222 TREE 24
22225555556
411111111111115222222222222222222222222222222222222222222222 TREE 25
22225555556
411111111111115222222222222222222222222222222222222222222222 TREE 26
22222555556
411111111111112222222222222222222222222222222222222222222222 TREE 27
22222555556
411111111111112222222222222222222222222222222222222222222222 TREE 28
22222555556
411111111111152222222222222222222222222222222222222222222222 TREE 29
22222255556
411111111111152222222222222222222222222222222222222222222222 TREE 30
22222225556
411111111111122222222222222222222222222222222222222222222222 TREE 31
22222225556
411111111111122222222222222222222222222222222222222222222222 TREE 32
22222222226
411111111111522222222222222222222222222222222222222222222222 TREE 33
22222222226
411111111111522222222222222222222222222222222222222222222222 TREE 34
22222222226
411111111111222222222222222222222222222222222222222222222222 TREE 35
22222222226
411111111111222222222222222222222222222222222222222222222222 TREE 36
22222222226
411111111111222222222222222222222222222222222222222222222222 TREE 37
22222222226
411111111111222222222222222222222222222222222222222222222222 TREE 38
22222222226
411111111111222222222222222222222222222222222222222222222222 TREE 39
22222222226
411111111115222222222222222222222222222222222222222222222222 TREE 40
22222222226
411111111115222222222222222222222222222222222222222222222222 TREE 41
22222222226
411111111115222222222222222222222222222222222222222222222222 TREE 42
22222222226
411111111115222222222222222222222222222222222222222222222222 TREE 43
22222222226
411111111115222222222222222222222222222222222222222222222222 TREE 44
22222222226
411111111115222222222222222222222222222222222222222222222222 TREE 45
22222222226
411111111115222222222222222222222222222222222222222222222222 TREE 46
22222222226
411111114115222222222222222222222222222222222222222222222222 TREE 47
22222222226
411111114115222222222222222222222222222222222222222222222222 TREE 48
22222222226
411111114115222222222222222222222222222222222222222222222222 TREE 49
22222222226
411111114115222222222222222222222222222222222222222222222222 TREE 50
22222222226
411111111115222222222222222222222222222222222222222222222222 TREE 51
22222222226
411111111115222222222222222222222222222222222222222222222222 TREE 52
22222222226
411111111115222222222222222222222222222222222222222222222222 TREE 53
22222222226
411111111115222222222222222222222222222222222222222222222222 TREE 54
22222222226
411111111115222222222222222222222222222222222222222222222222 TREE 55
22222222226
411111111115222222222222222222222222222222222222222222222222 TREE 56
22222222244
411111111115222222222222222222222222222222222222222222222222 TREE 57
22222222444
411111111115222222222222222222222222222222222222222222222222 TREE 58
22222244444
411111111115222222222222222222222222222222222222222222222222 TREE 59
22222444444
411111111115222222222222222222222222222222222222222222222222 TREE 60
22222445559
411111111115222222222222222222222222222222222222222222222222 TREE 61
22222555559
411111114115222222222222222222222222222222222222222222222222 TREE 62
22225555558
411111114115222222222222222222222222222222222222222222222222 TREE 63
22225555558
411111114115222222222222222222222222222222222222222222222222 TREE 64
22255555556
411111114115222222222222222222222222222222222222222222222222 TREE 65
22255555556
411111114115222222222222222222222222222222222222222222222222 TREE 66
22255555556
411111111115222222222222222222222222222222222222222222222222 TREE 67
22555555556
411111111115222222222222222222222222222222222222222222222222 TREE 68
22555555556
411111111115222222222222222222222222222222222222222222222222 TREE 69
22555555556
411111111115222222222222222222222222222222222222222222222222 TREE 70
22555555556
411111111115222222222222222222222222222222222222222222222222 TREE 71
25555555556
411111111115222222222222222222222222222222222222222222222222 TREE 72
25555555556
411111111115222222222222222222222222222222222222222222222222 TREE 73
25555555556
411111111115222222222222222222222222222222222222222222222222 TREE 74
25555555556
411111111115222222222222222222222222222222222222222222222222 TREE 75
55555555556
411111111115222222222222222222222222222222222222222222222222 TREE 76
55555555556
411111111115222222222222222222222222222222222222222222222222 TREE 77
55555555556
411111111115222222222222222222222222222222222222222222222222 TREE 78
55555555556
411111111155222222222222222222222222222222222222222222222222 TREE 79
55555555556
411111111155222222222222222222222222222222222222222222222222 TREE 80
55555555556
411111111152222222222222222222222222222222222222222222222222 TREE 81
55555555556
411111131152222222222222222222222222222222222222222222222222 TREE 82
55555555556
411111111152222222222222222222222222222222222222222222222222 TREE 83
25555555556
411111111152222222222222222222222222222222222222222222222222 TREE 84
25555555556
411111111152222222222222222222222222222222222222222222222222 TREE 85
25555555556
411111114152222222222222222222222222222222222222222222222222 TREE 86
22555555556
411111114152222222222222222222222222222222222222222222222222 TREE 87
22225555226
411111114152222222222222222222222222222222222222222222222222 TREE 88
22222555226
411111114152222222222222222222222222222222222222222222222222 TREE 89
22222552226
411111114152222222222222222222222222222222222222222222222222 TREE 90
22222222226
411111111155222222222222222222222222222222222222222222222222 TREE 91
22222222226
411111111155222222222222222222222222222222222222222222222222 TREE 92
22222222226
411111111152222222222222222222222222222222222222222222222222 TREE 93
22222222226
411111111152222222222222222222222222222222222222222222222222 TREE 94
22222222226
411111113152222222222222222222222222222222222222222222222222 TREE 95
22222222226
411111111152222222222222222222222222222222222222222222222222 TREE 96
22222222226
411111111152222222222222222222222222222222222222222222222222 TREE 97
22222222226
411111111152222222222222222222222222222222222222222222222222 TREE 98
22222222226
411111111155222222222222222222222222222222222222222222222222 TREE 99
22222222226
411111111135222222222222222222222222222222222222222222222222 TREE100
22222222226
411111344135222222222222222222222222222222222222222222222222 TREE101
22222222226
411111334335222222222222222222222222222222222222222222222222 TREE102
22222222226
411111134335222222222222222222222222222222222222222222222222 TREE103
22222222226
411111133135222222222222222222222222222222222222222222222222 TREE104
22222222226
411111333335222222222222222222222222222222222222222222222222 TREE105
22222222226
411133313335222222222222222222222222222222222222222222222222 TREE106
22222222226
411111113335222222222222222222222222222222222222222222222222 TREE107
22222222226
411111113115222222222222222222222222222222222222222222222222 TREE108
22222222226
411111113315222222222222222222222222222222222222222222222222 TREE109
22222222226
411111114115222222222222222222222222222222222222222222222222 TREE110
22222222226
411111114311222222222222222222222222222222222222222222222222 TREE111
22222222226
411111114311522225522222222222222222222222222222222222222222 TREE112
22222222226
411111114331522225522222222222222222222222222222222222222222 TREE113
22222222226
411111114331555222222222222222222222222222222222222222222222 TREE114
22222222226
411111114411555522222222222222222222222222222222222222222222 TREE115
22222222226
411111111411155522222222222222222222222222222222222222222222 TREE116
22222222226
411111111431155552222222222222222222222222222222222222222222 TREE117
22222222226
411111111431152552222222222222222222222222222222222222222222 TREE118
22222222226
411111111443152555222222222222222222222222222222222222222222 TREE119
22222222226
411111111113115555222222222222222222222222222222222222222222 TREE120
22222222226
411111111113315255222222222222222222222222222222222222222222 TREE121
22222222226
411111111113315222222222222222222222222222222222222222222222 TREE122
22222222226
411111111141111522222222222222222222222222222222222222222222 TREE123
22222222226
411111111111111552222222222222222222222222222222222222222222 TREE124
22222222226
411111111111111152222222222222222222222222222222222222222222 TREE125
22222222226
411111111111311152222222222222222222222222222222222222222222 TREE126
22222222226
411111111111111155522222222222222222222222222222222222222222 TREE127
22222222226
411111111111441115522222222222222222222222222222222222222222 TREE128
22222222226
411111111111141115522222222222222222222222222222222222222222 TREE129
22222222226
411111111111144111552222222222222222222222222222222222222222 TREE130
22222222226
411111111111114111555222222222222222222222222222222222222222 TREE131
22222222226
411111111111114131155522222222222222222222222222222222222222 TREE132
22222222226
411111111111114411115552222222222222222222222222222222222222 TREE133
22222222226
411111111111111413115555222222222222222222222222222222222222 TREE134
22222222226
411111111111111441113555222222222222222222222222222222222222 TREE135
22222222226
411111111111111111311555222222222222222222222222222222222222 TREE136
22222222226
411111111111111111111155222222222222222222222222222222222222 TREE137
22222222226
411111111111111111111152222222222222222222222222222222222222 TREE138
22222222226
411111111111111111111115222222222222222222222222222222222222 TREE139
22222222226
411111111111111111111111522222222222222222222222222222222222 TREE140
22222222226
411111111111111111111111552222222222222222222222222222222222 TREE141
22222222226
411111111111111111111111152222222222222222222222222222222222 TREE142
22222222226
411111111111111111114411115222222222222222222222222222222222 TREE143
22222222226
411111111111111111111411115222222222222222222222222222222222 TREE144
22222222226
411111111111111111111441113522222222222222222222222222222222 TREE145
22222222226
411111111111111111111144111522222222222222222222222222222222 TREE146
22222222226
411111111111111111111111111352222222222222222222222222222222 TREE147
22222222226
411111111111111111111111113352222222222222222222222222222222 TREE148
22222222226
411111111111111111111111113335222222222222222222222222222222 TREE149
22222222226
411111111111111111111111111135222222222222222222222222222222 TREE150
22222222226
411111111111111111111111111313522222222222222222222222222222 TREE151
22222222226
411111111111111111111111111333552222222222222222222222222222 TREE152
22222222226
411111111111111111111111111333352222222222222222222222222222 TREE153
22222222226
411111111111111111111111111133335222222222222222222222222222 TREE154
22222222226
411111111111111111111111111133333222222222222222222222222222 TREE155
22222222226
411111111111111111111111111113313522222222222222222222222222 TREE156
22222222226
411111111111111111111111111111113352222222222222222222222222 TREE157
22222222226
411111111111111111111111111111111332222222222222222222222222 TREE158
22222222226
411111111111111111111111111111111335222222222222222222222222 TREE159
22222222226
411111111111111111111111111111111113522222222222222222222222 TREE160
22222222226
441111111111111111111111111111111113352222222222222222222222 TREE161
22222222226
444111111111111111111111111111111111335222222222222222222222 TREE162
22222222226
444411111111111111111111111111111111113522222222222222222222 TREE163
22222222226
444441111111111111111111111111111111113352222222222222222222 TREE164
22222222226
444444411111111111111111111111111111133115222222222222222222 TREE165
22222222226
444444441111111111111111111111111111111111352222222222255522 TREE166
22222222226
444444444111111111111111111111111111111111115222222222255552 TREE167
25522222226
444444444441111111111111111111111111111133113352222222255552 TREE168
25522552226
444444444444111111111111111111111111111133333335522222255555 TREE169
22222552226
444444444444441111111111111111111111111113333333355222553335 TREE170
22552222226
444444444444444111111111111111111111111111333333333335531113 TREE171
52552222226
444444444444444441111111111111111111111111133333333333333333 TREE172
35552222226
444444444444444444444444444444444444444444444999999994444444 TREE173
44498866666
  6Z          NO. OF PANELS                                              
  1 25 49 73 97121                 BEGINNING J INDEX                    
 25 49 73 97121145                 ENDING    J INDEX                    
  1  1  1  1  1  1                 BEGINNING I INDEX                    
 70 70 70 70 70 70                 ENDIND    I INDEX                    
  -7  -6  -6  -9  -6  -6  -6  -6  -5  -5  -5  -5  -6  -7  -8DEPTHS  1A
  -7  -6  -6  -7  -6  -6  -6  -6  -5  -5  -5  -5  -6  -7  -8DEPTHS  2A
  -7  -6  -6  -6  -6  -6  -6  -5  -5  -5  -5  -5  -6  -7  -8DEPTHS  3A
  -7  -7  -6  -6  -6  -6  -6  -5  -5  -5  -5  -5  -6  -7  -9DEPTHS  4A
  -8  -8  -6  -6  -6  -6  -6  -6  -5  -5  -5  -5  -6  -6  -7DEPTHS  5A
  -7  -7  -7  -7  -6  -6  -6  -6  -5  -5  -5  -5  -5  -6  -6DEPTHS  6A
  -7  -7  -6  -6  -6  -6  -7  -6  -5  -5  -5  -5  -4  -4  -6DEPTHS  7A
  -7  -7  -6  -6  -6  -6  -6  -6  -6  -6  -6  -7  -4  -4  -5DEPTHS  8A
  -7  -7  -6  -6  -7  -6  -6  -6  -6  -6  -9  -7  -3  -5  -5DEPTHS  9A
  -8  -7  -7  -7  -7  -6  -6  -6  -6  -7  -8  -7  -3  -3  -5DEPTHS 10A
  -8  -8  -8  -7  -7  -7  -7  -7  -7  -7  -7  -7  -6  -3  -6DEPTHS 11A
  -8  -8  -8  -8  -7  -7  -7  -7  -7  -7  -7  -6  -6  -3  -5DEPTHS 12A
  -8  -8  -9  -8  -8  -8  -8  -7  -7  -7  -7  -6  -6  -3  -2DEPTHS 13A
  -9  -9  -9  -9  -8  -8  -8  -7  -7  -7  -7  -7  -6  -6  -6DEPTHS 14A
 -10 -10 -10  -9  -9  -9  -9  -7  -7  -6  -5  -5  -5  -5   6DEPTHS 15A
 -10 -10 -10  -9  -9  -9  -9  -8  -7  -6  -5  -5  -5  -4   6DEPTHS 16A
 -10 -10 -10 -10 -10 -10 -10  -9  -9  -9  -8  -6  -5  -5  12DEPTHS 17A
 -10 -10 -10 -10 -10 -10 -10 -10  -9  -9  -8  -6  -6  -6  12DEPTHS 18A
 -10 -10 -10 -11 -11 -11 -11 -10  -8  -6  -6  -6  -6   8  12DEPTHS 19A
 -10 -10 -11 -11 -11 -11 -11 -12 -11 -10  -6  -6   6   6  20DEPTHS 20A
 -11 -11 -11 -12 -12 -12 -12 -12 -12 -11  -8  -6   6   6  26DEPTHS 21A
 -12 -12 -12 -12 -13 -13 -12 -12 -12 -11 -11 -16   6   6  31DEPTHS 22A
 -13 -13 -14 -13 -13 -13 -12 -12 -12 -12 -17 -14   5  19  44DEPTHS 23A
 -14 -14 -14 -14 -14 -14 -13 -13 -13 -13 -18 -12   5  24  57DEPTHS 24A
 -15 -15 -15 -14 -14 -14 -14 -13 -13 -15 -18 -10   5  31  60DEPTHS 25A
 -15 -15 -15 -15 -15 -14 -14 -13 -13 -16 -15  -9   5  40  75DEPTHS 26A
 -15 -15 -16 -16 -16 -15 -14 -13 -13 -14 -13   6   6  45  90DEPTHS 27A
 -16 -16 -16 -16 -17 -15 -14 -13 -12 -12 -12   6  30  61 100DEPTHS 28A
 -17 -17 -17 -17 -16 -15 -15 -14 -12 -10  -5   6  35  60 105DEPTHS 29A
 -17 -17 -17 -18 -16 -15 -14 -13 -11 -11 -11   7  35  70 105DEPTHS 30A
 -17 -17 -17 -18 -17 -15 -14 -13 -11 -11   8   8  44  80 105DEPTHS 31A
 -18 -18 -18 -18 -18 -16 -15 -13 -11 -11   6  21  57 100 105DEPTHS 32A
 -18 -18 -19 -19 -18 -17 -16 -11 -11 -11   6  28  60 102 105DEPTHS 33A
 -18 -18 -18 -19 -19 -18 -17 -11 -11 -16   6  33  75 102 105DEPTHS 34A
 -18 -18 -18 -19 -19 -18 -16 -12 -12 -16   9  34  90 102 105DEPTHS 35A
 -18 -18 -18 -19 -19 -18 -16 -13 -13 -14  12  42  99 102 105DEPTHS 36A
 -18 -18 -19 -19 -19 -18 -16 -13 -13 -14  12  50  99 102 105DEPTHS 37A
 -18 -18 -19 -19 -19 -18 -16 -14 -14   8   8  63  99 102 105DEPTHS 38A
 -19 -19 -19 -19 -18 -18 -16 -14 -16   6  32  60  99 102 105DEPTHS 39A
 -19 -19 -19 -19 -18 -17 -15 -14 -16   6  34  75  99 102 105DEPTHS 40A
 -19 -19 -19 -19 -19 -17 -15 -14 -17   6  33  80  99 102 105DEPTHS 41A
 -18 -18 -19 -19 -19 -17 -15 -12 -17   6  31  80  99 102 105DEPTHS 42A
 -18 -18 -19 -19 -18 -16 -15 -12 -18   6  30  80  99 102 105DEPTHS 43A
 -18 -18 -19 -19 -18 -16 -14 -12 -19   6  31  80  99 102 105DEPTHS 44A
 -18 -18 -19 -19 -17 -16 -13 -12 -20   6  31  80  99 102 105DEPTHS 45A
 -17 -17 -18 -18 -17 -16 -13 -13 -19   6  34  80  99 102 105DEPTHS 46A
 -17 -17 -18 -18 -17 -16 -12 -15 -18   8  32  80  99 102 105DEPTHS 47A
 -18 -18 -18 -18 -17 -14 -12 -17 -18   5  32  80  99 102 105DEPTHS 48A
 -18 -18 -18 -18 -16 -14 -12 -18 -17   1  34  80  99 102 105DEPTHS 49A
 -18 -18 -17 -17 -16 -14 -12 -17 -17   1  33  80  99 102 105DEPTHS 50A
 -17 -17 -17 -17 -16 -14 -11 -17 -17   1  32  80  99 102 105DEPTHS 51A
 -17 -17 -17 -17 -16 -13 -11 -17 -16   2  31  80  99 102 105DEPTHS 52A
 -17 -17 -17 -17 -17 -12 -12 -17 -15   3  31  80  99 102 105DEPTHS 53A
 -17 -17 -17 -17 -17 -12 -13 -18 -15   6  31  80  99 102 105DEPTHS 54A
 -17 -17 -17 -17 -17 -12 -11   3   3  10  36  80  99 102 105DEPTHS 55A
 -17 -17 -17 -17 -17 -13 -12   3 -13  11  35  80  99 102 105DEPTHS 56A
 -17 -17 -17 -17 -16 -12   3   3 -12  11  35  80  99 102 105DEPTHS 57A
 -17 -17 -17 -17 -16 -12 -12 -12 -12  10  35  80  99 102 105DEPTHS 58A
 -17 -16 -16 -16 -15 -13 -13 -13  10  10  30  75  99 102 105DEPTHS 59A
 -17 -16 -16 -16 -15 -13 -13 -13  10  -6  30  75  99 102 105DEPTHS 60A
 -17 -17 -17 -17 -16 -15 -15 -16  10  -6  30  75  99 102 105DEPTHS 61A
 -17 -17 -17 -17 -16 -15 -15 -16  10   6  37  75  99 102 105DEPTHS 62A
 -17 -17 -17 -16 -15 -14 -14 -16 -14   6  39  70  99 102 105DEPTHS 63A
 -17 -17 -17 -16 -15 -14 -14 -18 -14   7  40  70  99 102 105DEPTHS 64A
 -17 -17 -17 -17 -16 -15 -15 -18 -13  10  35  70  99 102 105DEPTHS 65A
 -17 -17 -17 -17 -16 -14 -14 -18 -12  15  20  70  99 102 105DEPTHS 66A
 -17 -17 -17 -17 -16 -13 -13 -18 -11  10  16  65  99 102 105DEPTHS 67A
 -17 -17 -17 -17 -15 -13 -13 -18 -11  10  18  65  99 102 105DEPTHS 68A
 -17 -17 -17 -17 -15 -13 -13 -10 -10  10  18  65  95 102 105DEPTHS 69A
 -17 -17 -17 -18 -15 -13 -11  -9   6   8  31  65  90 102 105DEPTHS 70A
 -17 -17 -17 -17 -16 -14 -10  -9   6   4  28  60  85 102 105DEPTHS 71A
 -17 -17 -17 -17 -16 -14 -10  -8   6   4  27  60  82 102 105DEPTHS 72A
 -17 -17 -17 -17 -16 -14 -10  -8   6  -5  26  60  80 102 105DEPTHS 73A
 -17 -17 -17 -17 -16 -14 -11  -8   6  -5  27  60  75 100 105DEPTHS 74A
 -17 -17 -17 -17 -16 -14 -11 -10   6  -5  28  60  70  85 105DEPTHS 75A
 -17 -17 -17 -17 -15 -13 -10  -9   6  -5  31  65  69  77 100DEPTHS 76A
 -17 -17 -17 -16 -14 -12  -9  -8   6  -5  28  65  68  74  92DEPTHS 77A
 -17 -17 -16 -16 -13 -11  -8  -7   6  16  30  65  68  72  90DEPTHS 78A
 -17 -17 -16 -16 -12  -9  -7  -7   7  16  29  65  68  70  90DEPTHS 79A
 -17 -17 -17 -17 -11  -8  -6   3   9  17  30  65  68  72  90DEPTHS 80A
 -17 -16 -16 -14 -10  -8   4   4   7  21  31  60  65  75  90DEPTHS 81A
 -16 -14 -13 -13 -10  -8   4   4   5  23  33  55  60  70  85DEPTHS 82A
 -15 -14 -13 -13 -10   4   4   4   8  24  35  54  52  60  80DEPTHS 83A
 -15 -14 -12 -10   4   4  -9  -5   8  22  35  52  47  53  70DEPTHS 84A
 -15 -14 -12  -3   4  -8  -8  -6   6  20  31  52  42  54  72DEPTHS 85A
 -15 -14 -13 -10  -8  -8  -8  -7   7  19  32  53  60  60  75DEPTHS 86A
 -15 -14 -13 -11 -10 -10 -10 -12   6  21  31  46  62  66  76DEPTHS 87A
 -15 -14 -13 -12 -11 -11 -11 -14   6  22  30  41  60  66  78DEPTHS 88A
 -15 -14 -13 -13 -12 -12 -12 -18   6  23  32  35  55  64  75DEPTHS 89A
 -15 -14 -13 -13 -13 -13 -15 -23   6  23  30  35  56  65  70DEPTHS 90A
 -15 -14 -13 -13 -13 -13 -18 -23   6  22  29  38  47  60  68DEPTHS 91A
 -14 -13 -13 -13 -13 -13 -18 -23   6  21  30  37  43  56  64DEPTHS 92A
 -13 -13 -13 -13 -14 -14 -20 -21   8  25  32  36  41  50  60DEPTHS 93A
 -12 -12 -13 -13 -15 -15 -20 -20  11  24  34  37  38  46  56DEPTHS 94A
 -10 -10 -13 -15 -16 -16 -16 -20  11  25  36  40  36  44  52DEPTHS 95A
 -10 -10 -14 -15 -17 -16 -15 -20   5  18  34  41  38  41  52DEPTHS 96A
 -11 -11 -15 -16 -17 -16 -14 -19   2  14  33  42  43  37  51DEPTHS 97A
 -13 -13 -15 -16 -18 -13 -10 -15   2  11  31  44  46  41  47DEPTHS 98A
 -11 -11 -15 -16 -17 -12   5   4   2  12  25  43  47  49  45DEPTHS 99A
  -5   1 -13 -16 -17 -12   5   5   3  -5  27  43  49  54  52DEPTHS100A
 -10   2   3 -15 -17 -13   6   5   2   1  26  38  51  52  53DEPTHS101A
 -14  -7   4 -13 -16 -12  -7   7   3   1  28  35  52  53  54DEPTHS102A
 -14  -9   6 -10 -14 -11  -7   9   3  -4  29  34  49  52  55DEPTHS103A
 -14 -10   7  -9 -10 -10   8   9   4   1  28  36  48  52  56DEPTHS104A
 -13 -10   8   9   8   9   9 -14   4   1  27  38  40  51  55DEPTHS105A
 -11  -4   9   9  -6 -10 -10 -14   5   1   3  40  43  51  54DEPTHS106A
 -13 -12   9  -6  -9 -14 -13 -20   4  -4   2  40  43  43  55DEPTHS107A
 -11 -11   9  -7 -13 -16 -14 -23   4   2   3  39  43  44  30DEPTHS108A
 -11 -11   8  -7 -13 -17 -16 -16   4   2   3  39  45  47  30DEPTHS109A
 -11   7   7  -7 -13 -16 -18 -16   5   2   2  35  46  45  42DEPTHS110A
 -11   5 -10 -11 -13 -15 -17 -16   5   3  -3  30  42  43  41DEPTHS111A
 -12   2   2 -13 -13 -14 -17 -16   4   4   2  29  37  43  41DEPTHS112A
 -14 -10   2 -11 -12 -14 -17 -15   4   4   2   4  33  41  39DEPTHS113A
 -16 -13   2   2   2 -14 -17 -15   4   4   1   2  36  30  40DEPTHS114A
 -19 -17 -14 -13   2 -14 -17 -16 -16   4 -11   2  36  35  33DEPTHS115A
 -20 -19 -16 -13   2 -15 -16 -16 -15   5   4  -5  33  36  35DEPTHS116A
 -21 -19 -17 -14   2 -15 -16 -16 -15   5   4  -2  28  37  36DEPTHS117A
 -23 -19 -18 -14   2   2 -14 -17 -16   4   4   4   3  38  33DEPTHS118A
 -24 -21 -18 -16 -14   2 -12 -17 -16 -16   5   5   2  39  36DEPTHS119A
 -25 -22 -20 -18 -14  -2 -12 -15 -17 -16   5   5  -2  36  39DEPTHS120A
 -25 -23 -20 -19 -15  -4  -5  -7 -17 -16   4   4  -2   6  38DEPTHS121A
 -25 -23 -20 -19 -15 -15 -13 -10 -17 -17   3   5  -2   2  33DEPTHS122A
 -24 -23 -22 -20 -16 -16 -13 -12 -18 -18 -18   5  -3  -4  20DEPTHS123A
 -23 -23 -23 -32 -25 -18 -13 -12 -18 -18 -18   4   3   2  16DEPTHS124A
 -22 -22 -21 -21 -16 -16 -14 -14 -18 -18 -18 -15  10  10  15DEPTHS125A
 -18 -18 -19 -21 -16 -17 -17 -15 -18 -19 -20 -15   5  -3  -3DEPTHS126A
 -18 -18 -17 -17 -16 -19 -19 -19 -19 -19 -21 -17   3   3   1DEPTHS127A
 -19 -18 -20 -21 -20 -19 -19 -20 -20 -20 -21 -19 -19   3  -3DEPTHS128A
 -20 -20 -20 -20 -20 -20 -20 -20 -20 -20 -20 -21 -19   2   3DEPTHS129A
 -20 -20 -20 -20 -20 -20 -20 -20 -19 -19 -20 -21 -21 -21   3DEPTHS130A
 -20 -20 -20 -20 -20 -20 -20 -20 -19 -19 -20 -20 -21 -21  -6DEPTHS131A
 -21 -21 -21 -20 -20 -20 -20 -21 -19 -19 -19 -20 -22 -22  -6DEPTHS132A
 -21 -21 -21 -20 -20 -20 -21 -20 -20 -19 -19 -19 -22 -22 -22DEPTHS133A
 -21 -21 -21 -22 -22 -22 -22 -20 -20 -19 -19 -19 -21 -22 -22DEPTHS134A
 -21 -21 -21 -21 -22 -22 -24 -23 -21 -19 -19 -19 -20 -22 -22DEPTHS135A
 -22 -21 -21 -21 -23 -23 -24 -24 -21 -20 -19 -19 -19 -21 -22DEPTHS136A
 -25 -25 -24 -24 -24 -24 -24 -24 -24 -21 -20 -19 -19 -20 -21DEPTHS137A
 -26 -26 -25 -25 -25 -25 -25 -24 -24 -24 -21 -19 -19 -20 -20DEPTHS138A
 -26 -26 -25 -25 -25 -25 -25 -24 -24 -24 -21 -20 -20 -20 -20DEPTHS139A
 -25 -25 -25 -25 -25 -25 -25 -24 -24 -24 -23 -21 -20 -20 -20DEPTHS140A
 -25 -25 -25 -25 -25 -25 -25 -22 -22 -23 -26 -22 -20 -20 -20DEPTHS141A
 -25 -25 -25 -25 -25 -25 -25 -22 -22 -22 -23 -22 -21 -20 -20DEPTHS142A
 -25 -25 -25 -25 -25 -25 -25 -22 -22 -22 -22 -22 -22 -21 -20DEPTHS143A
 -25 -25 -25 -25 -25 -25 -25 -22 -22 -22 -22 -22 -25 -23 -20DEPTHS144A
 -25 -25 -25 -25 -25 -25 -25 -25 -22 -22 -22 -24 -26 -25 -21DEPTHS145A
 -25 -25 -25 -25 -25 -25 -25 -25 -25 -24 -24 -24 -24 -26 -23DEPTHS146A
 -25 -25 -25 -25 -25 -25 -25 -25 -25 -25 -25 -24 -24 -24 -24DEPTHS147A
 -25 -25 -25 -25 -25 -24 -24 -24 -24 -25 -25 -25 -24 -24 -24DEPTHS148A
 -26 -26 -26 -26 -25 -24 -24 -24 -24 -25 -25 -25 -25 -25 -24DEPTHS149A
 -26 -26 -27 -26 -25 -24 -24 -24 -25 -25 -25 -25 -25 -25 -25DEPTHS150A
 -27 -27 -27 -27 -26 -25 -24 -24 -25 -25 -25 -25 -25 -25 -25DEPTHS151A
 -27 -27 -27 -28 -27 -26 -25 -25 -25 -25 -25 -25 -25 -25 -25DEPTHS152A
 -26 -26 -26 -29 -27 -26 -26 -25 -25 -25 -25 -26 -26 -25 -25DEPTHS153A
 -25 -25 -26 -28 -28 -28 -27 -27 -26 -26 -26 -26 -26 -25 -25DEPTHS154A
 -25 -25 -26 -27 -28 -28 -31 -31 -29 -27 -26 -26 -23 -23 -25DEPTHS155A
 -25 -25 -25 -26 -27 -28 -29 -30 -29 -27 -24 -21 -21 -21 -24DEPTHS156A
 -27 -25 -25 -25 -26 -27 -28 -28 -28 -26 -23 -21 -21 -21 -21DEPTHS157A
 -29 -27 -25 -25 -25 -26 -27 -27 -27 -26 -23 -21 -21 -21 -21DEPTHS158A
 -30 -29 -26 -25 -25 -25 -26 -26 -26 -26 -25 -24 -22 -21 -21DEPTHS159A
 -31 -30 -28 -25 -25 -25 -25 -25 -26 -26 -26 -25 -25 -24 -21DEPTHS160A
 -36 -32 -30 -26 -25 -25 -25 -25 -25 -25 -25 -26 -26 -26 -21DEPTHS161A
 -36 -36 -32 -29 -26 -25 -25 -25 -22 -21 -21 -22 -25 -23 -20DEPTHS162A
 -36 -36 -36 -32 -30 -26 -25 -25 -22 -21 -21 -21 -21 -21 -20DEPTHS163A
 -36 -36 -36 -36 -33 -29 -27 -25 -25 -22 -21 -21 -21 -21 -20DEPTHS164A
 -36 -36 -36 -36 -36 -36 -30 -26 -25 -25 -24 -22 -22 -22 -21DEPTHS165A
 -36 -36 -36 -36 -36 -36 -36 -32 -28 -26 -25 -24 -23 -23 -22DEPTHS166A
 -36 -36 -36 -36 -36 -36 -36 -36 -32 -30 -26 -25 -24 -24 -24DEPTHS167A
 -36 -36 -36 -36 -36 -36 -36 -36 -36 -36 -31 -27 -25 -25 -25DEPTHS168A
 -36 -36 -36 -36 -36 -36 -36 -36 -36 -36 -36 -34 -29 -26 -25DEPTHS169A
 -36 -36 -36 -36 -36 -36 -36 -36 -36 -36 -36 -36 -36 -31 -27DEPTHS170A
 -36 -36 -36 -36 -36 -36 -36 -36 -36 -36 -36 -36 -36 -36 -34DEPTHS171A
 -36 -36 -36 -36 -36 -36 -36 -36 -36 -36 -36 -36 -36 -36 -36DEPTHS172A
 -36 -36 -36 -36 -36 -36 -36 -36 -36 -36 -36 -36 -36 -36 -36DEPTHS173A
  -9  -8  -8  -8  -8  -8   6   6  25  27  30  34  40  50  75DEPTHS  1B
  -9  -8  -8  -8  -6  -6   6   6  25  27  30  33  40  50  75DEPTHS  2B
  -9  -9  -7  -6  -5  -5   6  25  27  30  33  35  40  50  75DEPTHS  3B
  -9  -7  -7  -9  -5   6   6  27  30  30  33  37  40  50  75DEPTHS  4B
  -9  -6 -10  -7   6   6  25  27  30  33  37  40  40  50  75DEPTHS  5B
  -6  -6 -10  -4   6  25  27  30  33  37  40  40  50  63  75DEPTHS  6B
  -6  -6  -7   6   6  27  30  33  35  37  40  50  65  75  75DEPTHS  7B
  -6  -7  -4  10  25  28  33  35  37  40  40  50  75  75  90DEPTHS  8B
  -5  -5  15  15  28  30  35  35  40  40  50  65  75  90  90DEPTHS  9B
  -5  -5  15  23  30  33  35  37  40  50  65  75  75  90 100DEPTHS 10B
  -5  20  17  26  35  35  37  40  50  65  75  75  90  90 100DEPTHS 11B
  -5  20  21  29  37  37  40  50  65  75  75  90  90 100 100DEPTHS 12B
  12  20  22  37  45  50  50  60  75  75  90  90 100 100 120DEPTHS 13B
  15  20  24  45  55  75  75  75  75  90  90 100 100 120 135DEPTHS 14B
  12  22  35  47  90  90  90  90  90  90 100 100 120 135 140DEPTHS 15B
  12  23  55  90 100 100 100 100 100 100 100 120 120 140 140DEPTHS 16B
  12  27  70 100 120 120 120 120 120 120 120 135 135 140 154DEPTHS 17B
  21  45  75 100 119 122 125 128 132 132 140 140 140 140 154DEPTHS 18B
  30  75 114 116 119 122 125 128 132 136 140 143 147 151 154DEPTHS 19B
  42  90 114 116 119 122 125 128 132 136 140 143 147 151 154DEPTHS 20B
  57 111 114 116 119 122 125 128 132 136 140 143 147 151 154DEPTHS 21B
  70 111 114 116 119 122 125 128 132 136 140 143 147 151 154DEPTHS 22B
  90 111 114 116 119 122 125 128 132 136 140 143 147 151 154DEPTHS 23B
 108 111 114 116 119 122 125 128 132 136 140 143 147 151 154DEPTHS 24B
 108 111 114 116 119 122 125 128 132 136 140 143 147 151 154DEPTHS 25B
 108 111 114 116 119 122 125 128 132 136 140 143 147 151 154DEPTHS 26B
 108 111 114 116 119 122 125 128 132 136 140 143 147 151 154DEPTHS 27B
 108 111 114 116 119 122 125 128 132 136 140 143 147 151 154DEPTHS 28B
 108 111 114 116 119 122 125 128 132 136 140 143 147 151 154DEPTHS 29B
 108 111 114 116 119 122 125 128 132 136 140 143 147 151 154DEPTHS 30B
 108 111 114 116 119 122 125 128 132 136 140 143 147 151 154DEPTHS 31B
 108 111 114 116 119 122 125 128 132 136 140 143 147 151 154DEPTHS 32B
 108 111 114 116 119 122 125 128 132 136 140 143 147 151 154DEPTHS 33B
 108 111 114 116 119 122 125 128 132 136 140 143 147 151 154DEPTHS 34B
 108 111 114 116 119 122 125 128 132 136 140 143 147 151 154DEPTHS 35B
 108 111 114 116 119 122 125 128 132 136 140 143 147 151 154DEPTHS 36B
 108 111 114 116 119 122 125 128 132 136 140 143 147 151 154DEPTHS 37B
 108 111 114 116 119 122 125 128 132 136 140 143 147 151 154DEPTHS 38B
 108 111 114 116 119 122 125 128 132 136 140 143 147 151 154DEPTHS 39B
 108 111 114 116 119 122 125 128 132 136 140 143 147 151 154DEPTHS 40B
 108 111 114 116 119 122 125 128 132 136 140 143 147 151 154DEPTHS 41B
 108 111 114 116 119 122 125 128 132 136 140 143 147 151 154DEPTHS 42B
 108 111 114 116 119 122 125 128 132 136 140 143 147 151 154DEPTHS 43B
 108 111 114 116 119 122 125 128 132 136 140 143 147 151 154DEPTHS 44B
 108 111 114 116 119 122 125 128 132 136 140 143 147 151 154DEPTHS 45B
 108 111 114 116 119 122 125 128 132 136 140 143 147 151 154DEPTHS 46B
 108 111 114 116 119 122 125 128 132 136 140 143 147 151 154DEPTHS 47B
 108 111 114 116 119 122 125 128 132 136 140 143 147 151 154DEPTHS 48B
 108 111 114 116 119 122 125 128 132 136 140 143 147 151 154DEPTHS 49B
 108 111 114 116 119 122 125 128 132 136 140 143 147 151 154DEPTHS 50B
 108 111 114 116 119 122 125 128 132 136 140 143 147 151 154DEPTHS 51B
 108 111 114 116 119 122 125 128 132 136 140 143 147 151 154DEPTHS 52B
 108 111 114 116 119 122 125 128 132 136 140 143 147 151 154DEPTHS 53B
 108 111 114 116 119 122 125 128 132 136 140 143 147 151 154DEPTHS 54B
 108 111 114 116 119 122 125 128 132 136 140 143 147 151 154DEPTHS 55B
 108 111 114 116 119 122 125 128 132 136 140 143 147 151 154DEPTHS 56B
 108 111 114 116 119 122 125 128 132 136 140 143 147 151 154DEPTHS 57B
 108 111 114 116 119 122 125 128 132 136 140 143 147 151 154DEPTHS 58B
 108 111 114 116 119 122 125 128 132 136 140 143 147 151 154DEPTHS 59B
 108 111 114 116 119 122 125 128 132 136 140 143 147 151 154DEPTHS 60B
 108 111 114 116 119 122 125 128 132 136 140 143 147 151 154DEPTHS 61B
 108 111 114 116 119 122 125 128 132 136 140 143 147 151 154DEPTHS 62B
 108 111 114 116 119 122 125 128 132 136 140 143 147 151 154DEPTHS 63B
 108 111 114 116 119 122 125 128 132 136 140 143 147 151 154DEPTHS 64B
 108 111 114 116 119 122 125 128 132 136 140 143 147 151 154DEPTHS 65B
 108 111 114 116 119 122 125 128 132 136 140 143 147 151 154DEPTHS 66B
 108 111 114 116 119 122 125 128 132 136 140 143 147 151 154DEPTHS 67B
 108 111 114 116 119 122 125 128 132 136 140 143 147 151 154DEPTHS 68B
 108 111 114 116 119 122 125 128 132 136 140 143 147 151 154DEPTHS 69B
 108 111 114 116 119 122 125 128 132 136 140 143 147 151 154DEPTHS 70B
 108 111 114 116 119 122 125 128 132 136 140 143 147 151 154DEPTHS 71B
 108 111 114 116 119 122 125 128 132 136 140 143 147 151 154DEPTHS 72B
 108 111 114 116 119 122 125 128 132 136 140 143 147 151 154DEPTHS 73B
 108 111 114 116 119 122 125 128 132 136 140 143 147 151 154DEPTHS 74B
 108 111 114 116 119 122 125 128 132 136 140 143 147 151 154DEPTHS 75B
 108 111 114 116 119 122 125 128 132 136 140 143 147 151 154DEPTHS 76B
 108 111 114 116 119 122 125 128 132 136 140 143 147 151 154DEPTHS 77B
 108 111 114 116 119 122 125 128 132 136 140 143 147 151 154DEPTHS 78B
 108 111 114 116 119 122 125 128 132 136 140 143 147 151 154DEPTHS 79B
 108 111 114 116 119 122 125 128 132 136 140 143 147 151 154DEPTHS 80B
 108 111 114 116 119 122 125 128 132 136 140 143 147 151 154DEPTHS 81B
 108 111 114 116 119 122 125 128 132 136 140 143 147 151 154DEPTHS 82B
 108 111 114 116 119 122 125 128 132 136 140 143 147 151 154DEPTHS 83B
 108 111 114 116 119 122 125 128 132 136 140 143 147 151 154DEPTHS 84B
 108 111 114 116 119 122 125 128 132 136 140 143 147 151 154DEPTHS 85B
 108 111 114 116 119 122 125 128 132 136 140 143 147 151 154DEPTHS 86B
 108 111 114 116 119 122 125 128 132 136 140 143 147 151 154DEPTHS 87B
 108 111 114 116 119 122 125 128 132 136 140 143 147 151 154DEPTHS 88B
  95 111 114 116 119 122 125 128 132 136 140 143 147 151 154DEPTHS 89B
  85 111 114 116 119 122 125 128 132 136 140 143 147 151 154DEPTHS 90B
  80 110 114 116 119 122 125 128 132 136 140 143 147 151 154DEPTHS 91B
  75 100 114 116 119 122 125 128 132 136 140 143 147 151 154DEPTHS 92B
  70  90 114 116 119 122 125 128 132 136 140 143 147 151 154DEPTHS 93B
  64  80 114 116 119 122 125 128 132 136 140 143 147 151 154DEPTHS 94B
  62  75 110 116 119 122 125 128 132 136 140 143 147 151 154DEPTHS 95B
  60  72 100 116 119 122 125 128 132 136 140 143 147 151 154DEPTHS 96B
  55  65  90 116 119 122 125 128 132 136 140 143 147 151 154DEPTHS 97B
  55  66  80 110 119 122 125 128 132 136 140 143 147 151 154DEPTHS 98B
  56  60  75 100 119 122 125 128 132 136 140 143 147 151 154DEPTHS 99B
  56  60  70  90 119 122 125 128 132 136 140 143 147 151 154DEPTHS100B
  54  57  63  80 110 122 125 128 132 136 140 143 147 151 154DEPTHS101B
  54  57  61  73  95 122 125 128 132 136 140 143 147 151 154DEPTHS102B
  56  57  60  70  85 110 125 128 132 136 140 143 147 151 154DEPTHS103B
  57  58  60  68  80 100 125 128 132 136 140 143 147 151 154DEPTHS104B
  57  58  60  65  75  90 110 128 132 136 140 143 147 151 154DEPTHS105B
  56  57  58  62  70  80  95 125 132 136 140 143 147 151 154DEPTHS106B
  54  56  57  59  65  75  90 105 132 136 140 143 147 151 154DEPTHS107B
  56  53  56  58  60  68  78  95 115 136 140 143 147 151 154DEPTHS108B
  32  55  52  56  57  63  72  85 100 130 140 143 147 151 154DEPTHS109B
  34  50  51  52  56  60  68  80  90 120 140 143 147 151 154DEPTHS110B
  40  35  50  51  55  60  66  73  80 100 135 143 147 151 154DEPTHS111B
  45  39  31  41  55  61  65  71  79  95 120 143 147 151 154DEPTHS112B
  48  43  37  37  54  62  66  70  78  90 105 130 147 151 154DEPTHS113B
  44  44  34  41  54  62  66  70  77  85  95 120 145 151 154DEPTHS114B
  44  43  35  44  54  62  65  68  75  80  90 100 130 145 154DEPTHS115B
  42  40  35  46  54  60  63  67  70  74  80  90 110 140 154DEPTHS116B
  38  35  35  45  54  57  62  64  66  70  75  85  95 125 145DEPTHS117B
  38  34  38  45  52  54  58  62  64  69  75  82  94 110 130DEPTHS118B
  33  35  39  46  53  54  56  61  64  68  75  80  92 100 125DEPTHS119B
  34  27  40  47  52  52  55  61  64  66  72  78  87  95 110DEPTHS120B
  38  31  38  49  51  52  55  59  64  66  68  75  84  93 100DEPTHS121B
  38  39  35  46  49  51  54  57  61  64  68  70  78  88  96DEPTHS122B
  33  39  40  39  50  52  54  56  58  62  65  68  72  80  90DEPTHS123B
  31  37  42  42  45  51  53  54  57  60  62  66  68  75  82DEPTHS124B
  25  33  40  44  48  45  51  53  56  58  61  64  68  70  78DEPTHS125B
   7  34  33  36  33  47  51  53  55  57  58  63  66  70  75DEPTHS126B
   2  28  36  31  36  37  49  52  53  56  58  62  65  68  73DEPTHS127B
  -4  15  36  36  37  40  44  52  51  54  58  61  64  66  70DEPTHS128B
  -2   3  25  37  39  43  45  43  55  52  56  60  62  60  62DEPTHS129B
   3  -3  11  19  37  42  45  44  47  52  54  58  56  52  55DEPTHS130B
   4   1   2  15  22  36  47  46  46  52  54  58  56  49  38DEPTHS131B
   3   3  -2   8  27  26  41  48  48  52  55  60  60  52  45DEPTHS132B
  -6   3   3   2  16  32  31  43  48  49  53  57  58  53  53DEPTHS133B
 -20   3   3   2   7  30  30  29  47  47  52  54  56  55  47DEPTHS134B
 -22  -5   3   2   4  29  32  30  42  47  48  53  56  55  47DEPTHS135B
 -22  -5  -5   3  -8   8  30  31  32  45  46  52  54  54  49DEPTHS136B
 -22 -22  -5   4   2  -7  28  36  34  37  45  49  52  51  48DEPTHS137B
 -22 -22 -22  -7   2   2   4  31  36  37  41  47  49  51  49DEPTHS138B
 -21 -22 -22 -13  -5   2   2  11  35  38  40  45  48  49  49DEPTHS139B
 -20 -22 -22 -18  -9   2   2  -7  25  38  41  45  49  50  49DEPTHS140B
 -20 -21 -22 -20 -17  -8   2   2   4  31  41  45  49  52  52DEPTHS141B
 -20 -21 -21 -23 -20 -13  -3   2   2   7  40  44  48  52  52DEPTHS142B
 -20 -20 -20 -21 -21 -21  -9   2   4   4  16  43  46  50  52DEPTHS143B
 -20 -19 -19 -20 -21 -21 -19   2   2   2   5  41  45  49  52DEPTHS144B
 -20 -19 -19 -19 -19 -21 -22 -16   2   2  -6  29  44  47  51DEPTHS145B
 -21 -20 -19 -19 -19 -20 -21 -23   3   3  -6   5  41  46  49DEPTHS146B
 -22 -21 -20 -19 -19 -19 -19 -22 -18   3   3  -4  27  44  48DEPTHS147B
 -24 -22 -20 -20 -19 -19 -19 -21 -22 -10   3  -1   2  43  47DEPTHS148B
 -24 -24 -22 -21 -19 -19 -12 -21 -22 -23   4   4  -5   7  45DEPTHS149B
 -25 -28 -24 -22 -21 -19  -8 -20 -21 -22 -20   4   4   5  40DEPTHS150B
 -25 -25 -28 -24 -22 -20  -5   2   2 -22 -20   4   4   4   3DEPTHS151B
 -25 -25 -25 -30 -24 -21 -20 -20   2   2   2   3   7   4   2DEPTHS152B
 -25 -24 -24 -26 -29 -24 -21 -21 -20 -18   2 -18 -19   5   5DEPTHS153B
 -24 -24 -24 -25 -26 -31 -22 -21 -21 -21 -19 -19 -20   5   5DEPTHS154B
 -24 -24 -24 -24 -25 -27 -28 -25 -23 -21 -21 -21 -21 -20   3DEPTHS155B
 -24 -24 -23 -23 -24 -25 -28 -27 -25 -24 -21 -21 -21 -22 -18DEPTHS156B
 -22 -23 -23 -23 -24 -25 -25 -28 -28 -24 -23 -23 -23 -24 -21DEPTHS157B
 -21 -21 -21 -21 -21 -23 -25 -25 -25 -28 -24 -24 -24 -24 -23DEPTHS158B
 -21 -21 -21 -21 -21 -23 -25 -25 -25 -28 -28 -25 -25 -25 -25DEPTHS159B
 -21 -22 -22 -22 -22 -25 -25 -25 -25 -25 -26 -27 -25 -25 -25DEPTHS160B
 -21 -21 -22 -22 -24 -27 -27 -25 -25 -25 -25 -26 -29 -26 -25DEPTHS161B
 -20 -21 -21 -21 -21 -24 -25 -24 -24 -24 -24 -25 -26 -26 -25DEPTHS162B
 -20 -20 -20 -21 -21 -22 -22 -22 -22 -22 -22 -23 -24 -25 -31DEPTHS163B
 -20 -20 -20 -21 -22 -21 -21 -21 -20 -20 -20 -22 -23 -24 -27DEPTHS164B
 -21 -20 -20 -22 -22 -21 -20 -19 -19 -20 -20 -20 -21 -22 -24DEPTHS165B
 -22 -22 -23 -22 -21 -20 -18 -18 -19 -19 -19 -19 -19 -21 -23DEPTHS166B
 -24 -26 -25 -23 -21 -19 -17 -17 -19 -19 -17 -17 -18 -19 -22DEPTHS167B
 -25 -26 -27 -24 -21 -19 -17 -17 -19 -18 -15 -15 -16 -18 -21DEPTHS168B
 -25 -25 -23 -22 -21 -19 -19 -19 -20 -18 -15 -15 -15 -18 -21DEPTHS169B
 -25 -25 -23 -22 -21 -20 -20 -20 -20 -19 -16 -15 -15 -15 -18DEPTHS170B
 -29 -26 -25 -23 -21 -20 -20 -20 -20 -20 -17 -15 -15 -15 -18DEPTHS171B
 -36 -32 -28 -26 -24 -21 -20 -20 -20 -20 -18 -16 -15 -15 -18DEPTHS172B
 -36 -32 -28 -26 -24 -21 -20 -20 -20 -20 -18 -16 -15 -15 -18DEPTHS173B
  90 100 120 140 150 177 182 186 191 196 200 206 211 216 221DEPTHS  1C
  90 100 120 140 150 177 182 186 191 196 200 206 211 216 221DEPTHS  2C
  90 100 120 140 150 177 182 186 191 196 200 206 211 216 221DEPTHS  3C
  90 100 120 140 150 177 182 186 191 196 200 206 211 216 221DEPTHS  4C
  90 100 120 140 150 177 182 186 191 196 200 206 211 216 221DEPTHS  5C
  90 100 120 140 150 177 182 186 191 196 200 206 211 216 221DEPTHS  6C
  90 100 120 140 150 177 182 186 191 196 200 206 211 216 221DEPTHS  7C
  90 100 120 140 150 177 182 186 191 196 200 206 211 216 221DEPTHS  8C
 100 100 120 140 150 177 182 186 191 196 200 206 211 216 221DEPTHS  9C
 100 120 120 140 150 177 182 186 191 196 200 206 211 216 221DEPTHS 10C
 120 120 135 140 150 177 182 186 191 196 200 206 211 216 221DEPTHS 11C
 120 135 140 140 150 177 182 186 191 196 200 206 211 216 221DEPTHS 12C
 135 140 140 150 150 177 182 186 191 196 200 206 211 216 221DEPTHS 13C
 140 140 150 150 173 177 182 186 191 196 200 206 211 216 221DEPTHS 14C
 140 150 150 170 173 177 182 186 191 196 200 206 211 216 221DEPTHS 15C
 158 162 166 170 173 177 182 186 191 196 200 206 211 216 221DEPTHS 16C
 158 162 166 170 173 177 182 186 191 196 200 206 211 216 221DEPTHS 17C
 158 162 166 170 173 177 182 186 191 196 200 206 211 216 221DEPTHS 18C
 158 162 166 170 173 177 182 186 191 196 200 206 211 216 221DEPTHS 19C
 158 162 166 170 173 177 182 186 191 196 200 206 211 216 221DEPTHS 20C
 158 162 166 170 173 177 182 186 191 196 200 206 211 216 221DEPTHS 21C
 158 162 166 170 173 177 182 186 191 196 200 206 211 216 221DEPTHS 22C
 158 162 166 170 173 177 182 186 191 196 200 206 211 216 221DEPTHS 23C
 158 162 166 170 173 177 182 186 191 196 200 206 211 216 221DEPTHS 24C
 158 162 166 170 173 177 182 186 191 196 200 206 211 216 221DEPTHS 25C
 158 162 166 170 173 177 182 186 191 196 200 206 211 216 221DEPTHS 26C
 158 162 166 170 173 177 182 186 191 196 200 206 211 216 221DEPTHS 27C
 158 162 166 170 173 177 182 186 191 196 200 206 211 216 221DEPTHS 28C
 158 162 166 170 173 177 182 186 191 196 200 206 211 216 221DEPTHS 29C
 158 162 166 170 173 177 182 186 191 196 200 206 211 216 221DEPTHS 30C
 158 162 166 170 173 177 182 186 191 196 200 206 211 216 221DEPTHS 31C
 158 162 166 170 173 177 182 186 191 196 200 206 211 216 221DEPTHS 32C
 158 162 166 170 173 177 182 186 191 196 200 206 211 216 221DEPTHS 33C
 158 162 166 170 173 177 182 186 191 196 200 206 211 216 221DEPTHS 34C
 158 162 166 170 173 177 182 186 191 196 200 206 211 216 221DEPTHS 35C
 158 162 166 170 173 177 182 186 191 196 200 206 211 216 221DEPTHS 36C
 158 162 166 170 173 177 182 186 191 196 200 206 211 216 221DEPTHS 37C
 158 162 166 170 173 177 182 186 191 196 200 206 211 216 221DEPTHS 38C
 158 162 166 170 173 177 182 186 191 196 200 206 211 216 221DEPTHS 39C
 158 162 166 170 173 177 182 186 191 196 200 206 211 216 221DEPTHS 40C
 158 162 166 170 173 177 182 186 191 196 200 206 211 216 221DEPTHS 41C
 158 162 166 170 173 177 182 186 191 196 200 206 211 216 221DEPTHS 42C
 158 162 166 170 173 177 182 186 191 196 200 206 211 216 221DEPTHS 43C
 158 162 166 170 173 177 182 186 191 196 200 206 211 216 221DEPTHS 44C
 158 162 166 170 173 177 182 186 191 196 200 206 211 216 221DEPTHS 45C
 158 162 166 170 173 177 182 186 191 196 200 206 211 216 221DEPTHS 46C
 158 162 166 170 173 177 182 186 191 196 200 206 211 216 221DEPTHS 47C
 158 162 166 170 173 177 182 186 191 196 200 206 211 216 221DEPTHS 48C
 158 162 166 170 173 177 182 186 191 196 200 206 211 216 221DEPTHS 49C
 158 162 166 170 173 177 182 186 191 196 200 206 211 216 221DEPTHS 50C
 158 162 166 170 173 177 182 186 191 196 200 206 211 216 221DEPTHS 51C
 158 162 166 170 173 177 182 186 191 196 200 206 211 216 221DEPTHS 52C
 158 162 166 170 173 177 182 186 191 196 200 206 211 216 221DEPTHS 53C
 158 162 166 170 173 177 182 186 191 196 200 206 211 216 221DEPTHS 54C
 158 162 166 170 173 177 182 186 191 196 200 206 211 216 221DEPTHS 55C
 158 162 166 170 173 177 182 186 191 196 200 206 211 216 221DEPTHS 56C
 158 162 166 170 173 177 182 186 191 196 200 206 211 216 221DEPTHS 57C
 158 162 166 170 173 177 182 186 191 196 200 206 211 216 221DEPTHS 58C
 158 162 166 170 173 177 182 186 191 196 200 206 211 216 221DEPTHS 59C
 158 162 166 170 173 177 182 186 191 196 200 206 211 216 221DEPTHS 60C
 158 162 166 170 173 177 182 186 191 196 200 206 211 216 221DEPTHS 61C
 158 162 166 170 173 177 182 186 191 196 200 206 211 216 221DEPTHS 62C
 158 162 166 170 173 177 182 186 191 196 200 206 211 216 221DEPTHS 63C
 158 162 166 170 173 177 182 186 191 196 200 206 211 216 221DEPTHS 64C
 158 162 166 170 173 177 182 186 191 196 200 206 211 216 221DEPTHS 65C
 158 162 166 170 173 177 182 186 191 196 200 206 211 216 221DEPTHS 66C
 158 162 166 170 173 177 182 186 191 196 200 206 211 216 221DEPTHS 67C
 158 162 166 170 173 177 182 186 191 196 200 206 211 216 221DEPTHS 68C
 158 162 166 170 173 177 182 186 191 196 200 206 211 216 221DEPTHS 69C
 158 162 166 170 173 177 182 186 191 196 200 206 211 216 221DEPTHS 70C
 158 162 166 170 173 177 182 186 191 196 200 206 211 216 221DEPTHS 71C
 158 162 166 170 173 177 182 186 191 196 200 206 211 216 221DEPTHS 72C
 158 162 166 170 173 177 182 186 191 196 200 206 211 216 221DEPTHS 73C
 158 162 166 170 173 177 182 186 191 196 200 206 211 216 221DEPTHS 74C
 158 162 166 170 173 177 182 186 191 196 200 206 211 216 221DEPTHS 75C
 158 162 166 170 173 177 182 186 191 196 200 206 211 216 221DEPTHS 76C
 158 162 166 170 173 177 182 186 191 196 200 206 211 216 221DEPTHS 77C
 158 162 166 170 173 177 182 186 191 196 200 206 211 216 221DEPTHS 78C
 158 162 166 170 173 177 182 186 191 196 200 206 211 216 221DEPTHS 79C
 158 162 166 170 173 177 182 186 191 196 200 206 211 216 221DEPTHS 80C
 158 162 166 170 173 177 182 186 191 196 200 206 211 216 221DEPTHS 81C
 158 162 166 170 173 177 182 186 191 196 200 206 211 216 221DEPTHS 82C
 158 162 166 170 173 177 182 186 191 196 200 206 211 216 221DEPTHS 83C
 158 162 166 170 173 177 182 186 191 196 200 206 211 216 221DEPTHS 84C
 158 162 166 170 173 177 182 186 191 196 200 206 211 216 221DEPTHS 85C
 158 162 166 170 173 177 182 186 191 196 200 206 211 216 221DEPTHS 86C
 158 162 166 170 173 177 182 186 191 196 200 206 211 216 221DEPTHS 87C
 158 162 166 170 173 177 182 186 191 196 200 206 211 216 221DEPTHS 88C
 158 162 166 170 173 177 182 186 191 196 200 206 211 216 221DEPTHS 89C
 158 162 166 170 173 177 182 186 191 196 200 206 211 216 221DEPTHS 90C
 158 162 166 170 173 177 182 186 191 196 200 206 211 216 221DEPTHS 91C
 158 162 166 170 173 177 182 186 191 196 200 206 211 216 221DEPTHS 92C
 158 162 166 170 173 177 182 186 191 196 200 206 211 216 221DEPTHS 93C
 158 162 166 170 173 177 182 186 191 196 200 206 211 216 221DEPTHS 94C
 158 162 166 170 173 177 182 186 191 196 200 206 211 216 221DEPTHS 95C
 158 162 166 170 173 177 182 186 191 196 200 206 211 216 221DEPTHS 96C
 158 162 166 170 173 177 182 186 191 196 200 206 211 216 221DEPTHS 97C
 158 162 166 170 173 177 182 186 191 196 200 206 211 216 221DEPTHS 98C
 158 162 166 170 173 177 182 186 191 196 200 206 211 216 221DEPTHS 99C
 158 162 166 170 173 177 182 186 191 196 200 206 211 216 221DEPTHS100C
 158 162 166 170 173 177 182 186 191 196 200 206 211 216 221DEPTHS101C
 158 162 166 170 173 177 182 186 191 196 200 206 211 216 221DEPTHS102C
 158 162 166 170 173 177 182 186 191 196 200 206 211 216 221DEPTHS103C
 158 162 166 170 173 177 182 186 191 196 200 206 211 216 221DEPTHS104C
 158 162 166 170 173 177 182 186 191 196 200 206 211 216 221DEPTHS105C
 158 162 166 170 173 177 182 186 191 196 200 206 211 216 221DEPTHS106C
 158 162 166 170 173 177 182 186 191 196 200 206 211 216 221DEPTHS107C
 158 162 166 170 173 177 182 186 191 196 200 206 211 216 221DEPTHS108C
 158 162 166 170 173 177 182 186 191 196 200 206 211 216 221DEPTHS109C
 158 162 166 170 173 177 182 186 191 196 200 206 211 216 221DEPTHS110C
 158 162 166 170 173 177 182 186 191 196 200 206 211 216 221DEPTHS111C
 158 162 166 170 173 177 182 186 191 196 200 206 211 216 221DEPTHS112C
 158 162 166 170 173 177 182 186 191 196 200 206 211 216 221DEPTHS113C
 158 162 166 170 173 177 182 186 191 196 200 206 211 216 221DEPTHS114C
 158 162 166 170 173 177 182 186 191 196 200 206 211 216 221DEPTHS115C
 158 162 166 170 173 177 182 186 191 196 200 206 211 216 211DEPTHS116C
 158 162 166 170 173 177 182 186 191 196 200 206 211 216 211DEPTHS117C
 150 162 166 170 173 177 182 186 191 196 200 206 211 216 211DEPTHS118C
 135 162 166 170 173 177 182 186 191 196 200 206 211 216 211DEPTHS119C
 125 145 166 170 173 177 182 186 191 196 200 206 211 216 211DEPTHS120C
 115 135 150 170 172 174 182 186 191 196 200 206 211 216 211DEPTHS121C
 110 125 135 160 173 174 182 186 191 196 200 206 211 216 211DEPTHS122C
 100 115 130 145 170 174 182 186 191 196 200 206 211 216 211DEPTHS123C
  95 110 125 135 155 170 182 186 191 196 200 206 211 216 211DEPTHS124C
  90 100 120 128 135 150 170 186 191 196 200 206 211 216 211DEPTHS125C
  82  92 112 125 132 142 150 160 175 185 200 206 211 216 211DEPTHS126C
  78  88 100 118 128 135 140 150 160 168 178 190 210 216 211DEPTHS127C
  74  80  95 110 120 132 136 144 150 162 170 180 190 210 211DEPTHS128C
  70  75  85  95 115 126 134 138 144 152 162 170 178 190 211DEPTHS129C
  61  68  78  88 105 120 128 135 140 144 155 165 170 178 190DEPTHS130C
  60  62  72  78  95 115 124 130 135 140 148 155 166 170 178DEPTHS131C
  37  52  66  74  80 100 115 125 132 138 142 148 155 165 170DEPTHS132C
  51  38  55  66  75  90 105 115 126 132 138 144 150 160 165DEPTHS133C
  53  50  52  62  70  78  92 110 120 128 134 138 144 150 158DEPTHS134C
  46  51  54  58  64  72  80 100 115 124 128 132 138 145 150DEPTHS135C
  50  49  52  58  64  70  77  90 100 115 125 130 135 140 146DEPTHS136C
  44  38  52  57  62  68  76  80  95 105 120 126 130 136 140DEPTHS137C
  47  43  44  55  62  67  72  78  88  95 110 120 126 132 136DEPTHS138C
  49  41  45  53  60  66  72  77  80  90 100 110 122 128 132DEPTHS139C
  52  42  43  50  58  64  70  74  78  82  92 100 110 122 128DEPTHS140C
  50  42  40  48  55  60  66  72  76  78  85  95 100 110 120DEPTHS141C
  46  45  39  45  52  58  64  70  74  77  78  85  95 100 110DEPTHS142C
  48  39  38  42  50  56  60  68  72  76  78  80  85  95 102DEPTHS143C
  52  47  33  36  50  55  60  66  71  74  76  80  84  90  98DEPTHS144C
  54  48  41  36  49  54  58  64  70  74  75  78  83  88  92DEPTHS145C
  54  52  45  37  45  52  57  64  68  72  74  76  80  84  86DEPTHS146C
  52  52  46  40  42  49  56  62  68  72  74  78  80  82  85DEPTHS147C
  50  51  47  45  45  48  54  60  66  72  74  76  78  82  84DEPTHS148C
  49  43  38  46  48  49  52  58  65  70  72  76  78  80  84DEPTHS149C
  46  50  41  47  48  48  54  58  62  68  72  75  76  78  80DEPTHS150C
  44  49  51  48  48  51  54  56  62  68  72  74  75  76  78DEPTHS151C
  23  46  51  52  51  51  54  56  62  68  72  74  75  76  78DEPTHS152C
   3  42  49  54  54  54  54  57  58  66  70  73  75  73  75DEPTHS153C
   3   5  47  52  54  54  55  55  58  64  70  74  75  70  74DEPTHS154C
   3  -7  40  49  55  54  55  56  57  63  70  73  73  71  74DEPTHS155C
   4  -7   3  44  51  57  54  57  59  63  69  72  71  73  74DEPTHS156C
   4   3   3   4  46  52  57  57  59  63  67  70  71  73  74DEPTHS157C
 -20   5   3  -7  37  51  53  56  59  62  66  68  68  69  67DEPTHS158C
 -22 -21   7   7   2  42  54  57  58  60  63  65  67  66  67DEPTHS159C
 -22 -22 -19   8   5   4  45  55  58  60  62  64  65  66  66DEPTHS160C
 -22 -22 -23 -21   8   9   4  48  54  58  60  61  63  63  63DEPTHS161C
 -24 -23 -21 -21 -20  10   3   7  47  55  58  59  60  61  60DEPTHS162C
 -26 -23 -10   2   6   9  10  10   5  46  54  57  59  61  61DEPTHS163C
 -30 -28 -23 -10 -22 -20 -14  10  -9   3  40  51  55  58  59DEPTHS164C
 -28 -28 -28 -25 -23 -20 -17  11  11  -7   4  36  48  52  54DEPTHS165C
 -24 -26 -26 -31 -28 -21 -19 -19  11  11  -7 -10  12  43  48DEPTHS166C
 -24 -24 -25 -27 -29 -28 -24 -21 -18  11  10  -5  -8   5  39DEPTHS167C
 -23 -23 -25 -25 -27 -27 -28 -28 -19 -19  11  10   7   6  -6DEPTHS168C
 -23 -23 -23 -24 -24 -24 -28 -27 -25 -26 -20   8   8   5   5DEPTHS169C
 -20 -20 -20 -22 -22 -22 -27 -26 -26 -31 -32 -26   8   6   6DEPTHS170C
 -18 -19 -20 -20 -20 -19 -19 -22 -26 -30 -34 -33 -28   9   8DEPTHS171C
 -18 -19 -20 -20 -20 -19 -19 -22 -26 -30 -34 -34 -34 -31   8DEPTHS172C
 -18 -19 -20 -20 -20 -19 -19 -22 -26 -30 -34 -34 -34 -31   8DEPTHS173C
 216 221 227 232 238 243 249 254 260 266 273 278 284 290 290DEPTHS  1D
 216 221 227 232 238 243 249 254 260 266 273 278 284 290 290DEPTHS  2D
 216 221 227 232 238 243 249 254 260 266 273 278 284 290 290DEPTHS  3D
 216 221 227 232 238 243 249 254 260 266 273 278 284 290 290DEPTHS  4D
 216 221 227 232 238 243 249 254 260 266 273 278 284 290 290DEPTHS  5D
 216 221 227 232 238 243 249 254 260 266 273 278 284 290 290DEPTHS  6D
 216 221 227 232 238 243 249 254 260 266 273 278 284 290 290DEPTHS  7D
 216 221 227 232 238 243 249 254 260 266 273 278 284 290 290DEPTHS  8D
 216 221 227 232 238 243 249 254 260 266 273 278 284 290 290DEPTHS  9D
 216 221 227 232 238 243 249 254 260 266 273 278 284 290 290DEPTHS 10D
 216 221 227 232 238 243 249 254 260 266 273 278 284 290 290DEPTHS 11D
 216 221 227 232 238 243 249 254 260 266 273 278 284 290 290DEPTHS 12D
 216 221 227 232 238 243 249 254 260 266 273 278 284 290 290DEPTHS 13D
 216 221 227 232 238 243 249 254 260 266 273 278 284 290 290DEPTHS 14D
 216 221 227 232 238 243 249 254 260 266 273 278 284 290 290DEPTHS 15D
 216 221 227 232 238 243 249 254 260 266 273 278 284 290 290DEPTHS 16D
 216 221 227 232 238 243 249 254 260 266 273 278 284 290 290DEPTHS 17D
 216 221 227 232 238 243 249 254 260 266 273 278 284 290 290DEPTHS 18D
 216 221 227 232 238 243 249 254 260 266 273 278 284 290 290DEPTHS 19D
 216 221 227 232 238 243 249 254 260 266 273 278 284 290 290DEPTHS 20D
 216 221 227 232 238 243 249 254 260 266 273 278 284 290 290DEPTHS 21D
 216 221 227 232 238 243 249 254 260 266 273 278 284 290 290DEPTHS 22D
 216 221 227 232 238 243 249 254 260 266 273 278 284 290 290DEPTHS 23D
 216 221 227 232 238 243 249 254 260 266 273 278 284 290 290DEPTHS 24D
 216 221 227 232 238 243 249 254 260 266 273 278 284 290 290DEPTHS 25D
 216 221 227 232 238 243 249 254 260 266 273 278 284 290 290DEPTHS 26D
 216 221 227 232 238 243 249 254 260 266 273 278 284 290 290DEPTHS 27D
 216 221 227 232 238 243 249 254 260 266 273 278 284 290 290DEPTHS 28D
 216 221 227 232 238 243 249 254 260 266 273 278 284 290 290DEPTHS 29D
 216 221 227 232 238 243 249 254 260 266 273 278 284 290 290DEPTHS 30D
 216 221 227 232 238 243 249 254 260 266 273 278 284 290 290DEPTHS 31D
 216 221 227 232 238 243 249 254 260 266 273 278 284 290 290DEPTHS 32D
 216 221 227 232 238 243 249 254 260 266 273 278 284 290 290DEPTHS 33D
 216 221 227 232 238 243 249 254 260 266 273 278 284 290 290DEPTHS 34D
 216 221 227 232 238 243 249 254 260 266 273 278 284 290 290DEPTHS 35D
 216 221 227 232 238 243 249 254 260 266 273 278 284 290 290DEPTHS 36D
 216 221 227 232 238 243 249 254 260 266 273 278 284 290 290DEPTHS 37D
 216 221 227 232 238 243 249 254 260 266 273 278 284 290 290DEPTHS 38D
 216 221 227 232 238 243 249 254 260 266 273 278 284 290 290DEPTHS 39D
 216 221 227 232 238 243 249 254 260 266 273 278 284 290 290DEPTHS 40D
 216 221 227 232 238 243 249 254 260 266 273 278 284 290 290DEPTHS 41D
 216 221 227 232 238 243 249 254 260 266 273 278 284 290 290DEPTHS 42D
 216 221 227 232 238 243 249 254 260 266 273 278 284 290 290DEPTHS 43D
 216 221 227 232 238 243 249 254 260 266 273 278 284 290 290DEPTHS 44D
 216 221 227 232 238 243 249 254 260 266 273 278 284 290 290DEPTHS 45D
 216 221 227 232 238 243 249 254 260 266 273 278 284 290 290DEPTHS 46D
 216 221 227 232 238 243 249 254 260 266 273 278 284 290 290DEPTHS 47D
 216 221 227 232 238 243 249 254 260 266 273 278 284 290 290DEPTHS 48D
 216 221 227 232 238 243 249 254 260 266 273 278 284 290 290DEPTHS 49D
 216 221 227 232 238 243 249 254 260 266 273 278 284 290 290DEPTHS 50D
 216 221 227 232 238 243 249 254 260 266 273 278 284 290 290DEPTHS 51D
 216 221 227 232 238 243 249 254 260 266 273 278 284 290 290DEPTHS 52D
 216 221 227 232 238 243 249 254 260 266 273 278 284 290 290DEPTHS 53D
 216 221 227 232 238 243 249 254 260 266 273 278 284 290 290DEPTHS 54D
 216 221 227 232 238 243 249 254 260 266 273 278 284 290 290DEPTHS 55D
 216 221 227 232 238 243 249 254 260 266 273 278 284 290 290DEPTHS 56D
 216 221 227 232 238 243 249 254 260 266 273 278 284 290 290DEPTHS 57D
 216 221 227 232 238 243 249 254 260 266 273 278 284 290 290DEPTHS 58D
 216 221 227 232 238 243 249 254 260 266 273 278 284 290 290DEPTHS 59D
 216 221 227 232 238 243 249 254 260 266 273 278 284 290 290DEPTHS 60D
 216 221 227 232 238 243 249 254 260 266 273 278 284 290 290DEPTHS 61D
 216 221 227 232 238 243 249 254 260 266 273 278 284 290 290DEPTHS 62D
 216 221 227 232 238 243 249 254 260 266 273 278 284 290 290DEPTHS 63D
 216 221 227 232 238 243 249 254 260 266 273 278 284 290 290DEPTHS 64D
 216 221 227 232 238 243 249 254 260 266 273 278 284 290 290DEPTHS 65D
 216 221 227 232 238 243 249 254 260 266 273 278 284 290 290DEPTHS 66D
 216 221 227 232 238 243 249 254 260 266 273 278 284 290 290DEPTHS 67D
 216 221 227 232 238 243 249 254 260 266 273 278 284 290 290DEPTHS 68D
 216 221 227 232 238 243 249 254 260 266 273 278 284 290 290DEPTHS 69D
 216 221 227 232 238 243 249 254 260 266 273 278 284 290 290DEPTHS 70D
 216 221 227 232 238 243 249 254 260 266 273 278 284 290 250DEPTHS 71D
 216 221 227 232 238 243 249 254 260 266 273 278 284 290 200DEPTHS 72D
 216 221 227 232 238 243 249 254 260 266 273 278 284 290 140DEPTHS 73D
 216 221 227 232 238 243 249 254 260 266 273 278 284 250  80DEPTHS 74D
 216 221 227 232 238 243 249 254 260 266 273 278 284 200  60DEPTHS 75D
 216 221 227 232 238 243 249 254 260 266 273 278 284 200  60DEPTHS 76D
 216 221 227 232 238 243 249 254 260 266 273 278 284 175  60DEPTHS 77D
 216 221 227 232 238 243 249 254 260 266 273 278 284 150  30DEPTHS 78D
 216 221 227 232 238 243 249 254 260 266 273 278 284 150  30DEPTHS 79D
 216 221 227 232 238 243 249 254 260 266 273 278 284 170  40DEPTHS 80D
 216 221 227 232 238 243 249 254 260 266 273 278 284 180  60DEPTHS 81D
 216 221 227 232 238 243 249 254 260 266 273 278 284 200  90DEPTHS 82D
 216 221 227 232 238 243 249 254 260 266 273 278 284 250 100DEPTHS 83D
 216 221 227 232 238 243 249 254 260 266 273 278 284 290 150DEPTHS 84D
 216 221 227 232 238 243 249 254 260 266 273 278 284 290 200DEPTHS 85D
 216 221 227 232 238 243 249 254 260 266 273 278 284 290 250DEPTHS 86D
 216 221 227 232 238 243 249 254 260 266 273 278 284 290 290DEPTHS 87D
 216 221 227 232 238 243 249 254 260 266 273 278 284 290 290DEPTHS 88D
 216 221 227 232 238 243 249 254 260 266 273 278 284 290 290DEPTHS 89D
 216 221 227 232 238 243 249 254 260 266 273 278 284 290 290DEPTHS 90D
 216 221 227 232 238 243 249 254 260 266 273 278 284 290 290DEPTHS 91D
 216 221 227 232 238 243 249 254 260 266 273 278 284 290 290DEPTHS 92D
 216 221 227 232 238 243 249 254 260 266 273 278 284 290 290DEPTHS 93D
 216 221 227 232 238 243 249 254 260 266 273 278 284 290 290DEPTHS 94D
 216 221 227 232 238 243 249 254 260 266 273 278 284 290 290DEPTHS 95D
 216 221 227 232 238 243 249 254 260 266 273 278 284 290 290DEPTHS 96D
 216 221 227 232 238 243 249 254 260 266 273 278 284 290 290DEPTHS 97D
 216 221 227 232 238 243 249 254 260 266 273 278 284 290 290DEPTHS 98D
 216 221 227 232 238 243 249 254 260 266 273 278 284 290 290DEPTHS 99D
 216 221 227 232 238 243 249 254 260 266 273 278 284 290 290DEPTHS100D
 216 221 227 232 238 243 249 254 260 266 273 278 284 290 290DEPTHS101D
 216 221 227 232 238 243 249 254 260 266 273 278 284 290 290DEPTHS102D
 216 221 227 232 238 243 249 254 260 266 273 278 284 290 290DEPTHS103D
 216 221 227 232 238 243 249 254 260 266 273 278 284 290 290DEPTHS104D
 216 221 227 232 238 243 249 254 260 266 273 278 284 290 290DEPTHS105D
 216 221 227 232 238 243 249 254 260 266 273 278 284 290 290DEPTHS106D
 216 221 227 232 238 243 249 254 260 266 273 278 284 290 290DEPTHS107D
 216 221 227 232 238 243 249 254 260 266 273 278 284 290 290DEPTHS108D
 216 221 227 232 238 243 249 254 260 266 273 278 284 290 290DEPTHS109D
 216 221 227 232 238 243 249 254 260 266 273 278 284 290 290DEPTHS110D
 216 221 227 232 238 243 249 254 260 266 273 278 284 290 290DEPTHS111D
 216 221 227 232 238 243 249 254 260 266 273 278 284 290 290DEPTHS112D
 216 221 227 232 238 243 249 254 260 266 273 278 284 290 290DEPTHS113D
 216 221 227 232 238 243 249 254 260 266 273 278 284 290 290DEPTHS114D
 216 221 227 232 238 243 249 254 260 266 273 278 284 290 290DEPTHS115D
 216 221 227 232 238 243 249 254 260 266 273 278 284 290 290DEPTHS116D
 216 221 227 232 238 243 249 254 260 266 273 278 284 290 290DEPTHS117D
 216 221 227 232 238 243 249 254 260 266 273 278 284 290 290DEPTHS118D
 216 221 227 232 238 243 249 254 260 266 273 278 284 290 290DEPTHS119D
 216 221 227 232 238 243 249 254 260 266 273 278 284 290 290DEPTHS120D
 216 221 227 232 238 243 249 254 260 266 273 278 284 290 290DEPTHS121D
 216 221 227 232 238 243 249 254 260 266 273 278 284 290 290DEPTHS122D
 216 221 227 232 238 243 249 254 260 266 273 278 284 290 290DEPTHS123D
 216 221 227 232 238 243 249 254 260 266 273 278 284 290 290DEPTHS124D
 216 221 227 232 238 243 249 254 260 266 273 278 284 290 290DEPTHS125D
 216 221 227 232 238 243 249 254 260 266 273 278 284 290 290DEPTHS126D
 216 221 227 232 238 243 249 254 260 266 273 278 284 290 290DEPTHS127D
 216 221 227 232 238 243 249 254 260 266 273 278 284 290 290DEPTHS128D
 216 221 227 232 238 243 249 254 260 266 273 278 284 290 290DEPTHS129D
 210 221 227 232 238 243 249 254 260 266 273 278 284 290 290DEPTHS130D
 190 210 227 232 238 243 249 254 260 266 273 278 284 290 290DEPTHS131D
 178 190 215 232 238 243 249 254 260 266 273 278 284 290 290DEPTHS132D
 170 180 195 220 238 243 249 254 260 266 273 278 284 290 290DEPTHS133D
 166 175 180 192 225 243 249 254 260 266 273 278 284 290 290DEPTHS134D
 160 168 175 190 195 225 249 254 260 266 273 278 284 290 290DEPTHS135D
 150 160 168 175 185 200 220 254 260 266 273 278 284 290 290DEPTHS136D
 146 150 160 168 175 190 210 254 260 266 273 278 284 290 290DEPTHS137D
 142 148 154 160 168 175 190 215 260 266 273 278 284 290 290DEPTHS138D
 138 142 148 154 160 170 180 200 220 266 273 278 284 290 290DEPTHS139D
 132 138 142 148 154 165 170 180 195 220 273 278 284 290 290DEPTHS140D
 130 132 138 144 148 154 164 170 185 200 225 278 284 290 290DEPTHS141D
 122 130 134 138 144 148 154 165 170 185 200 225 284 290 290DEPTHS142D
 115 122 132 136 138 145 148 155 165 172 185 200 250 290 290DEPTHS143D
 105 118 126 132 136 140 145 148 155 165 175 190 210 270 290DEPTHS144D
  98 105 118 125 134 136 140 145 150 156 168 175 200 210 290DEPTHS145D
  92 100 110 118 126 134 138 140 145 150 156 165 175 190 220DEPTHS146D
  90  92 100 110 120 128 132 136 140 145 150 156 165 175 195DEPTHS147D
  86  90  92 100 110 120 125 130 134 138 145 150 158 170 185DEPTHS148D
  82  84  90  94  96 100 105 115 125 130 135 140 145 150 170DEPTHS149D
  82  84  86  88  90  95 100 115 125 130 135 140 145 150 170DEPTHS150D
  79  79  76  76  78  84  90 100 115 125 130 136 145 146 162DEPTHS151D
  79  79  76  76  78  84  90 100 115 125 130 136 145 146 162DEPTHS152D
  76  80  76  76  76  78  81  86  99 112 121 123 126 131 135DEPTHS153D
  78  78  76  74  72  73  76  80  86  99 111 117 123 125 129DEPTHS154D
  75  75  75  73  72  71  73  76  82  89  99 108 114 121 124DEPTHS155D
  74  74  73  69  70  68  69  71  75  82  90  99 106 112 118DEPTHS156D
  73  72  70  68  69  69  67  67  70  77  82  88  96 104 111DEPTHS157D
  66  66  67  67  66  64  64  67  68  72  74  79  85  95 102DEPTHS158D
  69  69  66  66  65  65  67  68  70  68  70  75  79  84  92DEPTHS159D
  66  65  66  66  64  62  62  63  60  60  66  70  74  77  84DEPTHS160D
  63  63  62  61  60  60  59  57  59  59  54  56  63  72  76DEPTHS161D
  59  58  56  55  54  57  59  61  61  55  45  49  60  66  72DEPTHS162D
  60  60  61  60  59  58  58  56  53  48  53  57  62  66  68DEPTHS163D
  60  61  60  59  56  55  54  52  48  52  52  45  54  61  65DEPTHS164D
  55  55  56  56  54  52  52  50  49  47  34  34  42  47  54DEPTHS165D
  49  50  51  51  49  49  49  48  47  43  21  21  34  54  49DEPTHS166D
  46  48  47  45  44  42  43  46  45  38  27  13  28  41  55DEPTHS167D
  11  40  44  44  44  40  41  41  44  34  24   9  21  34  48DEPTHS168D
  -5  10  10  37  40  41  40  40  44  36  23   6   7  27  38DEPTHS169D
   6   5   5  15  15  31  33  38  40  39   3  -6  -6  10  33DEPTHS170D
   8   5   5   4   3   3   3  20  20  19  -7  -7  -7  -6  12DEPTHS171D
   8   8   4   4   3   3   4   2  -9  -9  -8  -7  -7  -7  -7DEPTHS172D
   8   8   4   4   3   3   4   2  -9  -9  -8  -7  -7  -7  -7DEPTHS173D
 290 290 290 290 290 290 290 290 290 290 290                DEPTHS  1E
 290 290 290 290 290 290 290 290 290 290 290                DEPTHS  2E
 290 290 290 290 290 290 290 290 290 290 290                DEPTHS  3E
 290 290 290 290 290 290 290 290 250 250 250                DEPTHS  4E
 290 290 290 290 290 290 250 180 150 150 150                DEPTHS  5E
 290 290 290 290 290 290 200 100   3   3   3                DEPTHS  6E
 290 290 290 290 290 250 125   3   3   3   3                DEPTHS  7E
 290 290 290 290 290 200 100   3   6   6   6                DEPTHS  8E
 290 290 290 290 290 125   5   5   6   6   6                DEPTHS  9E
 290 290 290 290 200   6   6   7   9   9   9                DEPTHS 10E
 290 290 290 250 100   6   6   7   9   9   9                DEPTHS 11E
 290 290 290 150   3   6   6   7   9   9   9                DEPTHS 12E
 290 290 250 100 -36   3   6   7   9   9   9                DEPTHS 13E
 290 290 120   3   3 -36 -36   7   9   9   9                DEPTHS 14E
 290 250 100   3   3   3   3   7   9   9   9                DEPTHS 15E
 290 200  10   6   3 -36   3   7   9   9   9                DEPTHS 16E
 290 200  10   6   3   6   7   9   9   9   9                DEPTHS 17E
 290 180  10   6   7   9   9   9   9   9   9                DEPTHS 18E
 290 170  20  15  15  16  16  14  12  12  12                DEPTHS 19E
 290 170  30  23  20  18  17  15  12  12  12                DEPTHS 20E
 290 170  50  27  23  21  18  15  15  15  15                DEPTHS 21E
 290 180  60  32  25  22  20  17  15  15  15                DEPTHS 22E
 290 180  60  33  26  23  21  19  18  18  18                DEPTHS 23E
 290 190  60  40  28  24  23  21  18  18  18                DEPTHS 24E
 290 200  60  48  34  27  25  23  22  22  22                DEPTHS 25E
 290 225  80  50  38  27  25  23  23  23  23                DEPTHS 26E
 290 250 100  55  40  29  27  26  25  25  25                DEPTHS 27E
 290 290 200  60  47  32  28  26  26  26  26                DEPTHS 28E
 290 290 250 100  55  38  30  28  27  27  27                DEPTHS 29E
 290 290 290 200  60  45  35  29  28  28  28                DEPTHS 30E
 290 290 290 250 125  50  45  36  30  30  30                DEPTHS 31E
 290 290 290 290 180  80  60  50  42  42  42                DEPTHS 32E
 290 290 290 290 250 200 100  80  60  60  60                DEPTHS 33E
 290 290 290 290 290 250 200 175 150 150 150                DEPTHS 34E
 290 290 290 290 290 290 290 290 290 290 290                DEPTHS 35E
 290 290 290 290 290 290 290 290 290 290 290                DEPTHS 36E
 290 290 290 290 290 290 290 290 290 290 290                DEPTHS 37E
 290 290 290 290 290 290 290 290 290 290 290                DEPTHS 38E
 290 290 290 290 290 290 290 290 290 290 290                DEPTHS 39E
 290 290 290 290 290 290 290 290 290 290 290                DEPTHS 40E
 290 290 290 290 290 290 290 290 290 290 290                DEPTHS 41E
 290 290 290 290 290 290 290 290 290 290 290                DEPTHS 42E
 290 290 290 290 290 290 290 290 290 290 290                DEPTHS 43E
 290 290 290 290 290 290 290 290 290 290 290                DEPTHS 44E
 290 290 290 290 290 290 290 290 290 290 290                DEPTHS 45E
 290 290 290 290 290 290 290 290 290 290 290                DEPTHS 46E
 290 290 290 290 290 290 290 290 290 290 290                DEPTHS 47E
 290 290 290 290 290 290 290 290 290 290 290                DEPTHS 48E
 290 290 290 290 290 290 290 290 290 290 290                DEPTHS 49E
 290 290 290 290 290 290 290 290 290 290 290                DEPTHS 50E
 290 290 290 290 290 290 290 290 290 290 290                DEPTHS 51E
 290 290 290 290 290 290 290 290 290 290 290                DEPTHS 52E
 290 290 290 290 290 290 290 290 290 290 290                DEPTHS 53E
 290 290 290 290 290 290 290 220 220 220 220                DEPTHS 54E
 290 290 290 290 290 290 220 125  60  60  60                DEPTHS 55E
 290 290 290 290 290 250 170  90  60 -36 -36                DEPTHS 56E
 290 290 290 290 250 170  90  60 -36 -36 -36                DEPTHS 57E
 290 290 290 250 180  60 -36 -36 -36 -36 -36                DEPTHS 58E
 290 290 290 200  60 -36   3   3   3   3   3                DEPTHS 59E
 290 290 290 120  60   6   5   3   6   6   6                DEPTHS 60E
 290 290 200  80  30   6   6   6   6   6   6                DEPTHS 61E
 290 290 140  60  15   6   6   6   6   6   6                DEPTHS 62E
 290 200  80  30  12   6   6   6   6   6   6                DEPTHS 63E
 290 200  80  20   6   6   6   6   6   6   6                DEPTHS 64E
 250  80  30  15   6   6   6   8  10  10  10                DEPTHS 65E
 200  80  30  10   6   6   6  12  12  12  12                DEPTHS 66E
 200  60  20   8   6   6  12  12  12  12  12                DEPTHS 67E
 200  60  15   6   8  12  13  13  13  13  13                DEPTHS 68E
 180  60  10   8  10  12  13  14  14  14  14                DEPTHS 69E
 125  60   8   8  10  12  13  15  16  16  16                DEPTHS 70E
  60  15   8  10  13  15  16  18  18  18  18                DEPTHS 71E
  60  12  10  12  15  18  20  20  20  20  20                DEPTHS 72E
  60  10  10  14  18  20  22  22  22  22  22                DEPTHS 73E
  30  10  12  18  20  22  24  24  22  22  22                DEPTHS 74E
  12  12  20  22  24  25  25  25  24  22  22                DEPTHS 75E
  15  18  22  24  25  25  25  25  24  22  22                DEPTHS 76E
  18  20  22  25  25  25  25  25  24  22  22                DEPTHS 77E
  20  22  24  25  25  25  25  25  24  22  22                DEPTHS 78E
  22  24  25  25  25  25  25  25  24  22  22                DEPTHS 79E
  24  25  25  25  25  25  25  25  24  22  22                DEPTHS 80E
  25  25  25  25  25  25  25  25  22  22  22                DEPTHS 81E
  30  25  25  25  25  26  30  26  22  22  22                DEPTHS 82E
  35  25  25  25  25  30  28  26  22  22  22                DEPTHS 83E
  60  25  25  25  25  30  28  26  22  22  22                DEPTHS 84E
 100  30  25  25  25  30  28  26  24  24  24                DEPTHS 85E
 125  50  30  30  25  30  28  30  30  30  30                DEPTHS 86E
 200  60  40  35  30  25  28  30  35  35  35                DEPTHS 87E
 250 140  60  40  40  25  30  35  40  40  40                DEPTHS 88E
 290 200 100  50  50  30  30  40  50  50  50                DEPTHS 89E
 290 250 175  60  60  50  50  50  60  60  60                DEPTHS 90E
 290 290 250 180 100  60  60  60 100 100 100                DEPTHS 91E
 290 290 290 290 250 200 200 200 200 200 200                DEPTHS 92E
 290 290 290 290 290 290 290 290 290 290 290                DEPTHS 93E
 290 290 290 290 290 290 290 290 290 290 290                DEPTHS 94E
 290 290 290 290 290 290 290 290 290 290 290                DEPTHS 95E
 290 290 290 290 290 290 290 290 290 290 290                DEPTHS 96E
 290 290 290 290 290 290 290 290 290 290 290                DEPTHS 97E
 290 290 290 290 290 290 290 290 290 290 290                DEPTHS 98E
 290 290 290 290 290 290 290 290 290 290 290                DEPTHS 99E
 290 290 290 290 290 290 290 290 290 290 290                DEPTHS100E
 290 290 290 290 290 290 290 290 290 290 290                DEPTHS101E
 290 290 290 290 290 290 290 290 290 290 290                DEPTHS102E
 290 290 290 290 290 290 290 290 290 290 290                DEPTHS103E
 290 290 290 290 290 290 290 290 290 290 290                DEPTHS104E
 290 290 290 290 290 290 290 290 290 290 290                DEPTHS105E
 290 290 290 290 290 290 290 290 290 290 290                DEPTHS106E
 290 290 290 290 290 290 290 290 290 290 290                DEPTHS107E
 290 290 290 290 290 290 290 290 290 290 290                DEPTHS108E
 290 290 290 290 290 290 290 290 290 290 290                DEPTHS109E
 290 290 290 290 290 290 290 290 290 290 290                DEPTHS110E
 290 290 290 290 290 290 290 290 290 290 290                DEPTHS111E
 290 290 290 290 290 290 290 290 290 290 290                DEPTHS112E
 290 290 290 290 290 290 290 290 290 290 290                DEPTHS113E
 290 290 290 290 290 290 290 290 290 290 290                DEPTHS114E
 290 290 290 290 290 290 290 290 290 290 290                DEPTHS115E
 290 290 290 290 290 290 290 290 290 290 290                DEPTHS116E
 290 290 290 290 290 290 290 290 290 290 290                DEPTHS117E
 290 290 290 290 290 290 290 290 290 290 290                DEPTHS118E
 290 290 290 290 290 290 290 290 290 290 290                DEPTHS119E
 290 290 290 290 290 290 290 290 290 290 290                DEPTHS120E
 290 290 290 290 290 290 290 290 290 290 290                DEPTHS121E
 290 290 290 290 290 290 290 290 290 290 290                DEPTHS122E
 290 290 290 290 290 290 290 290 290 290 290                DEPTHS123E
 290 290 290 290 290 290 290 290 290 290 290                DEPTHS124E
 290 290 290 290 290 290 290 290 290 290 290                DEPTHS125E
 290 290 290 290 290 290 290 290 290 290 290                DEPTHS126E
 290 290 290 290 290 290 290 290 290 290 290                DEPTHS127E
 290 290 290 290 290 290 290 290 290 290 290                DEPTHS128E
 290 290 290 290 290 290 290 290 290 290 290                DEPTHS129E
 290 290 290 290 290 290 290 290 290 290 290                DEPTHS130E
 290 290 290 290 290 290 290 290 290 290 290                DEPTHS131E
 290 290 290 290 290 290 290 290 290 290 290                DEPTHS132E
 290 290 290 290 290 290 290 290 290 290 290                DEPTHS133E
 290 290 290 290 290 290 290 290 290 290 290                DEPTHS134E
 290 290 290 290 290 290 290 290 290 290 290                DEPTHS135E
 290 290 290 290 290 290 290 290 290 290 290                DEPTHS136E
 290 290 290 290 290 290 290 290 290 290 290                DEPTHS137E
 290 290 290 290 290 290 290 290 290 290 290                DEPTHS138E
 290 290 290 290 290 290 290 290 290 290 290                DEPTHS139E
 290 290 290 290 290 290 290 290 290 290 290                DEPTHS140E
 290 290 290 290 290 290 290 290 290 290 290                DEPTHS141E
 290 290 290 290 290 290 290 290 290 290 290                DEPTHS142E
 290 290 290 290 290 290 290 290 290 290 290                DEPTHS143E
 290 290 290 290 290 290 290 290 290 290 290                DEPTHS144E
 290 290 290 290 290 290 290 290 290 290 290                DEPTHS145E
 290 290 290 290 290 290 290 290 290 290 290                DEPTHS146E
 220 290 290 290 290 290 290 290 290 290 290                DEPTHS147E
 190 225 260 290 290 290 290 290 290 290 290                DEPTHS148E
 190 210 240 290 290 290 290 290 290 290 290                DEPTHS149E
 180 200 225 290 290 290 290 290 290 290 290                DEPTHS150E
 170 190 220 290 290 290 290 290 290 290 290                DEPTHS151E
 170 190 220 290 290 290 290 290 290 290 290                DEPTHS152E
 143 151 161 175 196 217 230 244 256 290 290                DEPTHS153E
 137 142 149 159 173 195 214 222 233 259 259                DEPTHS154E
 127 132 142 148 157 171 191 211 225 232 232                DEPTHS155E
 124 127 131 140 148 156 167 185 205 221 221                DEPTHS156E
 118 122 126 131 137 147 155 166 178 203 203                DEPTHS157E
 108 117 124 126 131 135 144 157 166 175 175                DEPTHS158E
 101 107 114 122 127 132 137 145 152 164 164                DEPTHS159E
  92  99 107 113 119 127 130 133 144 149 149                DEPTHS160E
  82  92  97 100 107 109 115 123 130 137 137                DEPTHS161E
  76  81  88  96  98 102 107 113 119 130 130                DEPTHS162E
  72  76  85  90  92  95  97 101 107 115 115                DEPTHS163E
  66  70  76  74  61  70  85  98 103 107 107                DEPTHS164E
  56  58  62  59  44  57  68  82  93  96  96                DEPTHS165E
  43  54  62  62  50  51  66  77  78  77  77                DEPTHS166E
  47  29  37  56  47  30  58  73  77  78  78                DEPTHS167E
  52  44  42  50  42  24  35  69  69  68  68                DEPTHS168E
  46  34  31  45  52  38  31  59  67  68  68                DEPTHS169E
  42  37  29  49  51  47  43  57  64  69  69                DEPTHS170E
  32  34  18  33  52  50  48  53  60  66  66                DEPTHS171E
   4  18  20  34  35  46  50  53  60  66  66                DEPTHS172E
   4  18  20  34  35  46  50  53  60  66  66                DEPTHS173E
   0       NUMBER OF SPECIAL INTERIOR LEVEE POINTS NOT INITIALIZED (I,J)
