1
449 
195 1772
195 1772
195 1772
195 1772
196 1772
196 1772
196 1772
196 1771
196 1771
196 1771
196 1771
196 1771
196 1771
196 1771
196 1771
196 1771
196 1771
196 1771
196 1771
196 1770
196 1770
196 1770
196 1770
196 1770
196 1770
196 1770
196 1770
209 5
196 1770
209 5
196 1770
209 5
196 1769
209 5
196 1769
209 5
196 1769
210 6
196 1769
210 6
196 1769
210 6
196 1769
210 6
196 1769
210 6
196 1769
210 6
196 1769
210 6
196 1768
210 6
196 1768
211 6
196 1768
211 6
196 1768
211 6
197 1768
211 6
197 1768
211 6
197 1768
211 6
197 1767
211 6
197 1767
212 6
197 1767
212 6
197 1767
212 6
197 1767
212 6
197 1767
212 6
197 1767
212 6
197 1766
213 6
197 1766
213 6
197 1766
213 6
197 1766
213 6
197 1766
213 6
197 1766
213 7
197 1766
214 7
197 1765
214 7
197 1765
214 7
197 1765
214 7
197 1765
214 7
197 1765
214 7
197 1764
215 7
197 1764
215 7
197 1764
215 7
197 1764
215 7
197 1764
215 7
197 1764
215 7
197 1763
216 7
197 1763
216 7
197 1763
216 7
197 1763
216 7
197 1763
216 8
197 1762
217 8
197 1762
217 8
197 1762
217 8
197 1762
217 8
197 1761
217 8
197 1761
218 8
197 1761
218 8
197 1761
218 8
197 1761
218 8
197 1760
218 8
197 1760
219 8
197 1760
219 8
197 1760
219 9
197 1759
219 9
197 1759
219 9
197 1759
220 9
197 1759
220 9
197 1758
220 9
197 1758
220 9
198 1758
221 9
198 1758
221 9
198 1757
221 9
198 1757
221 9
198 1757
222 10
198 1757
222 10
198 1756
222 10
198 1756
222 10
198 1756
223 10
198 1755
223 10
198 1755
223 10
198 1755
223 10
198 1755
224 10
198 1754
224 11
198 1754
224 11
198 1754
224 11
198 1753
225 11
198 1753
225 11
198 1753
225 11
198 1752
225 11
198 1752
226 11
198 1752
226 11
198 1751
226 12
198 1751
227 12
198 1751
227 12
198 1750
227 12
198 1750
228 12
198 1750
228 12
198 1749
228 12
198 1749
228 12
198 1748
229 13
198 1748
229 13
198 1748
229 13
198 1747
230 13
198 1747
230 13
198 1747
230 13
198 1746
231 13
199 1746
231 14
199 1745
231 14
199 1745
232 14
199 1745
232 14
199 1744
232 14
199 1744
233 14
199 1743
233 14
199 1743
199 1743
200 1743
200 1743
201 1743
201 1743
201 1743
202 1743
202 1743
203 1743
203 1744
203 1744
204 1744
204 1744
205 1744
205 1744
206 1744
206 1744
206 1744
207 1745
207 1745
208 1745
208 1745
208 1745
209 1745
209 1745
210 1746
210 1746
210 1746
211 1746
211 1746
212 1746
212 1747
212 1747
213 1747
213 1747
213 1747
214 1748
214 1748
215 1748
215 1748
215 1748
216 1749
216 1749
216 1749
217 1749
217 1749
217 1750
218 1750
218 1750
218 1750
219 1751
219 1751
219 1751
220 1751
220 1752
220 1752
221 1752
221 1752
221 1753
222 1753
222 1753
222 1754
223 1754
223 1754
223 1754
223 1755
224 1755
224 1755
224 1756
225 1756
225 1756
225 1756
225 1757
226 1757
226 1757
226 1758
227 1758
227 1758
227 1759
227 1759
228 1759
228 1760
228 1760
228 1760
229 1761
229 1761
229 1761
229 1762
229 1762
230 1762
230 1763
230 1763
230 1763
231 1764
231 1764
231 1764
231 1765
231 1765
232 1765
232 1766
232 1766
232 1766
232 1767
232 1767
233 1768
233 1768
233 1768
233 1769
233 1769
233 1769
234 1770
234 1770
234 1771
234 1771
234 1771
234 1772
234 1772
235 1772
235 1773
235 1773
235 1774
235 1774
235 1774
235 1775
235 1775
235 1776
236 1776
236 1776
236 1777
236 1777
236 1777
236 1778
236 1778
236 1779
236 1779
236 1779
236 1780
236 1780
236 1781
236 1781
237 1781
237 1782
237 1782
237 1783
237 1783
237 1783
237 1784
237 1784
237 1785
237 1785
237 1785
237 1786
237 1786
237 1787
237 1787
237 1787
237 1788
237 1788
237 1789
237 1789
237 1
237 1
237 1
237 2
237 2
237 3
237 3
237 3
236 4
236 4
236 4
236 5
236 5
236 6
236 6
236 6
236 7
236 7
236 8
236 8
236 8
235 9
235 9
235 9
235 10
235 10
235 11
235 11
235 11
235 12
234 12
234 12
234 13
234 13
234 14
234 14
234 14
233 15
