1
189 
140 368
139 367
138 367
138 366
137 365
137 364
143 360
144 360
145 359
146 359
147 358
148 358
149 357
150 357
151 357
152 356
153 356
154 355
155 355
156 355
157 354
158 354
159 354
160 354
161 353
162 353
163 353
164 353
165 352
166 352
167 352
168 352
169 352
170 352
171 351
172 351
173 351
174 351
175 351
176 351
177 351
178 351
179 351
180 351
181 351
182 351
182 351
183 351
184 351
185 351
186 351
187 351
188 351
189 351
190 351
191 351
192 351
193 351
194 351
194 352
195 352
196 352
197 352
198 352
199 352
200 352
201 353
202 353
202 353
203 353
204 353
205 354
206 354
207 354
208 354
208 355
209 355
210 355
211 355
212 356
212 356
213 356
214 357
215 357
216 357
216 358
217 358
218 358
219 359
219 359
220 359
221 360
222 360
222 361
223 361
224 361
225 362
225 362
226 363
227 363
227 363
228 364
229 364
229 365
230 365
231 366
231 366
232 366
233 367
233 367
234 368
235 368
235 369
236 369
237 370
237 370
238 371
238 371
239 372
240 372
240 373
241 373
241 374
242 375
242 375
243 376
243 376
244 377
245 377
245 378
246 378
246 379
247 380
247 380
248 381
248 381
249 382
249 382
249 383
250 384
250 384
251 385
251 385
252 386
252 387
253 387
253 388
253 389
254 389
254 390
255 390
255 391
255 392
256 392
256 393
257 394
257 394
257 395
258 396
258 396
258 397
259 397
259 398
259 399
260 399
260 400
260 401
260 401
261 402
261 403
261 403
262 404
262 405
262 406
262 406
263 407
263 408
263 408
263 409
264 410
264 410
264 411
264 412
264 412
265 413
265 414
265 414
265 415
265 416
