1
91 
111 26
111 27
110 28
110 29
109 29
109 30
108 31
107 32
107 32
106 33
106 34
105 34
104 35
104 36
103 36
103 37
102 38
101 38
101 39
100 40
99 40
99 41
98 41
97 42
96 43
96 43
95 44
94 44
94 45
93 45
92 46
91 46
91 47
90 47
89 48
88 48
88 49
87 49
86 50
85 50
84 51
84 51
83 51
82 52
81 52
80 53
79 53
79 53
78 54
77 54
76 54
75 55
74 55
73 55
73 55
72 56
71 56
70 56
69 56
68 57
67 57
66 57
66 57
65 57
64 58
63 58
62 58
61 58
60 58
59 58
58 58
57 58
56 58
55 58
55 58
54 59
53 59
52 59
51 59
50 59
49 58
48 58
47 58
46 58
45 58
44 58
43 58
43 58
42 58
41 58
40 57
