1
124 
40 299
40 299
41 299
41 299
42 299
42 299
43 299
43 299
44 299
44 299
45 300
45 300
46 300
46 300
47 300
47 300
48 300
49 300
49 300
50 300
50 300
51 300
52 300
17 257
17 257
18 257
19 257
19 258
20 258
20 258
21 258
22 258
22 258
23 258
23 259
24 259
24 259
25 259
26 259
26 260
27 260
27 260
28 260
28 261
29 261
29 261
30 261
31 262
31 262
32 262
32 262
33 263
33 263
34 263
34 264
35 264
35 264
36 265
36 265
37 265
37 266
38 266
38 267
38 267
39 267
39 268
40 268
40 269
41 269
41 270
41 270
42 270
42 271
43 271
43 272
43 272
44 273
44 273
45 274
45 274
45 275
46 275
46 276
46 276
47 277
47 277
47 278
47 278
48 279
48 279
48 280
49 281
49 281
49 282
49 282
50 283
50 283
50 284
50 285
50 285
51 286
51 286
51 287
51 288
51 288
51 289
51 289
52 290
52 291
52 291
52 292
52 292
52 293
52 294
52 294
52 295
52 296
52 296
52 297
52 297
52 298
52 299
52 299
52 300
