1
616 
85 147
85 146
85 146
85 146
86 146
86 145
86 145
86 145
87 145
87 145
87 144
87 144
73 251
88 144
73 251
88 144
74 251
88 144
74 252
88 143
74 252
89 143
74 252
89 143
74 253
89 143
75 253
89 142
75 253
90 142
75 253
90 142
75 254
90 142
75 254
90 142
76 254
90 141
76 255
91 141
76 255
91 141
76 255
91 141
76 256
92 140
77 256
92 140
77 256
92 140
77 256
92 140
77 257
93 140
77 257
93 139
78 257
93 139
78 258
93 139
78 258
94 139
78 258
94 138
78 259
94 138
79 259
94 138
79 259
95 138
79 260
95 137
79 260
95 137
80 260
96 137
80 260
96 137
80 261
96 137
96 136
97 136
97 136
97 136
97 135
98 135
98 135
98 135
99 134
99 134
99 134
100 134
100 133
100 133
100 133
101 133
101 132
101 132
102 132
102 132
102 131
103 131
103 131
103 131
104 130
104 130
104 130
104 130
105 129
105 129
105 129
106 128
106 128
106 128
89 273
107 128
89 273
107 127
89 273
107 127
89 274
108 127
90 274
108 127
90 274
108 126
90 275
109 126
91 275
109 126
91 276
109 125
91 276
110 125
92 276
110 125
92 277
111 125
92 277
111 124
92 277
111 124
93 278
112 124
93 278
112 124
93 279
112 123
94 279
113 123
94 279
113 123
94 280
113 122
95 280
114 122
95 281
114 122
95 281
114 122
95 281
115 121
96 282
115 121
96 282
116 121
96 282
116 120
97 283
116 120
97 283
117 120
97 284
117 120
98 284
117 119
98 284
118 119
98 285
118 119
99 285
119 118
99 286
119 118
99 286
119 118
100 286
120 118
100 287
120 117
100 287
121 117
101 288
121 117
101 288
121 116
101 288
122 116
102 289
122 116
102 289
123 115
103 290
123 115
103 290
123 115
103 291
124 115
104 291
124 114
104 291
125 114
104 292
125 114
105 292
126 113
105 293
126 113
126 113
127 114
127 114
127 115
127 115
128 116
128 116
128 116
129 117
129 117
129 118
129 118
130 119
130 119
130 119
131 120
131 120
131 121
131 121
132 122
132 122
132 122
132 123
133 123
133 124
133 124
133 125
134 125
134 126
134 126
134 126
135 127
135 127
135 128
135 128
136 129
136 129
136 130
136 130
137 130
137 131
137 131
137 132
138 132
138 133
138 133
138 134
138 134
139 134
139 135
139 135
139 136
139 136
140 137
140 137
140 138
140 138
140 139
141 139
141 139
141 140
141 140
141 141
142 141
142 142
142 142
142 143
142 143
143 144
143 144
143 144
143 145
143 145
143 146
144 146
144 147
144 147
144 148
144 148
144 149
145 149
145 150
145 150
145 150
145 151
145 151
145 152
146 152
146 153
146 153
146 154
146 154
146 155
146 155
147 156
147 156
147 157
147 157
147 157
147 158
147 158
147 159
148 159
148 160
148 160
148 161
148 161
148 162
148 162
148 163
148 163
149 164
149 164
149 165
149 165
149 165
149 166
149 166
149 167
149 167
149 168
150 168
150 169
150 169
150 170
150 170
150 171
150 171
150 172
150 172
150 173
150 173
150 174
150 174
150 174
151 175
151 175
151 176
151 176
151 177
151 177
151 178
151 178
151 179
151 179
151 180
151 180
151 181
151 181
151 182
151 182
151 183
151 183
151 184
151 184
151 184
151 185
151 185
151 186
151 186
152 187
152 187
152 188
152 188
152 189
152 189
152 190
152 190
152 191
152 191
152 192
152 192
152 193
152 193
152 194
152 194
152 195
152 195
152 195
152 196
152 196
152 197
151 197
151 198
151 198
151 199
151 199
151 200
151 200
151 201
151 201
151 202
151 202
151 203
151 203
151 204
151 204
151 205
151 205
151 206
151 206
151 206
151 207
151 207
151 208
151 208
150 209
150 209
150 210
150 210
150 211
150 211
150 212
150 212
150 213
150 213
150 214
150 214
150 215
150 215
149 215
149 216
149 216
149 217
149 217
149 218
149 218
149 219
149 219
149 220
149 220
148 221
148 221
148 222
148 222
148 223
148 223
148 224
148 224
148 224
147 225
147 225
147 226
147 226
147 227
147 227
147 228
146 228
146 229
146 229
146 230
146 230
146 231
146 231
146 231
145 232
145 232
145 233
145 233
145 234
145 234
144 235
144 235
144 236
144 236
144 237
144 237
143 238
143 238
143 238
143 239
143 239
143 240
142 240
142 241
142 241
142 242
142 242
141 243
141 243
141 244
141 244
141 244
141 245
140 245
140 246
140 246
140 247
140 247
139 248
139 248
139 249
139 249
138 249
138 250
138 250
138 251
138 251
137 252
137 252
137 253
137 253
136 253
136 254
136 254
136 255
135 255
135 256
135 256
135 257
134 257
134 258
134 258
134 258
133 259
133 259
133 260
133 260
132 261
132 261
132 261
132 262
131 262
131 263
131 263
131 264
130 264
130 265
130 265
129 265
129 266
129 266
129 267
128 267
128 268
128 268
127 268
127 269
127 269
126 270
126 270
126 271
126 271
125 271
125 272
125 272
124 273
124 273
124 274
123 274
123 274
123 275
122 275
122 276
122 276
121 276
121 277
121 277
120 278
120 278
120 278
119 279
119 279
119 280
118 280
118 281
118 281
117 281
117 282
116 282
116 283
116 283
115 283
115 284
115 284
114 285
114 285
113 285
113 286
113 286
112 287
112 287
112 287
111 288
111 288
110 288
110 289
110 289
109 290
109 290
108 290
108 291
108 291
107 292
107 292
106 292
106 293
105 293
