1
155 
148 27
148 28
148 29
148 29
148 30
148 31
148 32
148 33
148 34
148 34
148 35
148 36
148 37
148 38
148 39
148 39
148 40
148 41
148 42
148 43
148 43
148 44
147 45
147 46
147 47
147 48
147 48
147 49
147 50
147 51
147 52
147 53
146 53
146 54
146 55
146 56
146 57
146 58
145 58
145 59
145 60
145 61
145 62
144 62
144 63
144 64
144 65
144 66
143 67
143 67
143 68
143 69
142 70
142 71
142 71
141 72
141 73
141 74
141 75
140 75
140 76
140 77
139 78
139 79
139 79
138 80
138 81
138 82
137 83
137 83
136 84
136 85
136 86
135 86
135 87
135 88
134 89
134 90
133 90
133 91
132 92
132 93
131 93
131 94
131 95
130 96
130 96
129 97
129 98
128 99
128 99
127 100
127 101
126 102
126 102
125 103
124 104
124 105
123 105
123 106
122 107
122 107
121 108
120 109
120 110
119 110
119 111
118 112
117 112
117 113
116 114
115 114
115 115
114 116
113 116
113 117
112 118
111 118
111 119
110 120
109 120
109 121
108 122
107 122
106 123
106 123
105 124
104 125
103 125
103 126
102 126
101 127
100 128
100 128
99 129
98 129
97 130
96 130
96 131
95 132
94 132
93 133
92 133
91 134
90 134
90 135
89 135
88 136
87 136
86 137
85 137
84 138
83 138
82 138
81 139
