1
121 
38 55
39 55
39 56
40 56
40 57
40 57
41 58
41 59
42 59
42 60
42 60
43 61
43 61
43 62
44 63
44 63
44 64
45 64
45 65
45 66
46 66
46 67
46 68
46 68
47 69
47 69
47 70
47 71
48 71
48 72
48 73
48 73
48 74
48 75
49 75
49 76
49 76
49 77
49 78
49 78
49 79
49 80
49 80
49 81
50 82
50 82
50 83
50 84
50 84
50 85
50 86
50 86
50 87
50 88
50 88
49 89
49 89
49 90
49 91
49 91
49 92
49 93
49 93
49 94
49 95
49 95
48 96
48 96
48 97
48 98
48 98
48 99
47 99
47 100
47 101
47 101
47 102
46 102
46 103
46 104
46 104
45 105
45 105
45 106
45 106
44 107
44 108
44 108
43 109
43 109
43 110
42 110
42 111
42 111
41 112
41 112
41 113
40 113
40 114
40 114
39 115
39 115
38 116
38 116
38 117
37 117
37 118
36 118
36 118
35 119
35 119
35 120
34 120
34 121
33 121
32 122
32 122
31 122
31 123
30 123
30 123
