1
434 
38 298
38 298
38 298
38 298
38 297
39 297
39 297
39 297
39 297
40 297
40 297
40 297
40 297
40 297
41 297
41 297
41 297
41 297
42 296
42 296
42 296
42 296
43 296
43 296
43 296
43 296
43 296
44 296
44 296
44 296
44 296
45 296
45 295
45 295
45 295
46 295
46 295
46 295
46 295
47 295
47 295
47 295
47 295
47 295
48 295
48 295
48 294
48 294
49 294
49 294
49 294
49 294
50 294
50 294
50 294
50 294
51 294
51 294
51 294
51 293
52 293
52 293
52 293
52 293
52 293
53 293
53 293
53 293
53 293
54 293
54 293
54 293
54 292
55 292
55 292
55 292
55 292
56 292
56 292
56 292
56 292
57 292
57 292
57 292
57 291
58 291
58 291
58 291
58 291
59 291
59 291
59 291
60 291
60 291
60 291
60 291
61 290
61 290
61 290
61 290
62 290
62 290
62 290
15 233
62 290
15 233
15 233
15 233
15 233
15 233
16 233
16 233
16 233
16 234
16 234
16 234
17 234
17 234
17 234
17 234
17 234
18 234
18 234
18 234
18 234
18 234
18 234
19 234
19 234
19 234
19 234
19 234
19 235
20 235
20 235
20 235
20 235
20 235
20 235
21 235
21 235
21 235
21 235
21 235
21 235
22 235
22 236
22 236
22 236
22 236
22 236
23 236
23 236
23 236
23 236
23 236
24 236
24 236
24 237
24 237
24 237
24 237
25 237
25 237
25 237
25 237
25 237
25 237
26 237
26 238
26 238
26 238
26 238
26 238
27 238
27 238
27 238
27 238
27 238
27 239
28 239
28 239
28 239
28 239
28 239
28 239
29 239
29 239
29 240
29 240
29 240
30 240
30 240
30 240
30 240
30 240
30 241
31 241
31 241
31 241
31 241
31 241
31 241
32 241
32 242
32 242
32 242
32 242
32 242
33 242
33 242
33 243
33 243
33 243
33 243
34 243
34 243
34 243
34 244
34 244
34 244
35 244
35 244
35 244
35 244
35 245
35 245
36 245
36 245
36 245
36 245
36 245
36 246
37 246
37 246
37 246
37 246
37 246
37 247
38 247
38 247
38 247
38 247
38 247
38 248
38 248
39 248
39 248
39 248
39 248
39 249
39 249
40 249
40 249
40 249
40 249
40 250
40 250
41 250
41 250
41 250
41 250
41 251
41 251
41 251
42 251
42 251
42 252
42 252
42 252
42 252
43 252
43 252
43 253
43 253
43 253
43 253
43 253
44 254
44 254
44 254
44 254
44 254
44 255
45 255
45 255
45 255
45 255
45 256
45 256
45 256
46 256
46 256
46 257
46 257
46 257
46 257
46 257
47 258
47 258
47 258
47 258
47 258
47 259
47 259
48 259
48 259
48 259
48 260
48 260
48 260
48 260
49 260
49 261
49 261
49 261
49 261
49 262
49 262
50 262
50 262
50 262
50 263
50 263
50 263
50 263
51 264
51 264
51 264
51 264
51 264
51 265
51 265
52 265
52 265
52 266
52 266
52 266
52 266
52 266
52 267
53 267
53 267
53 267
53 268
53 268
53 268
53 268
53 268
54 269
54 269
54 269
54 269
54 270
54 270
54 270
54 270
55 271
55 271
55 271
55 271
55 272
55 272
55 272
55 272
56 273
56 273
56 273
56 273
56 273
56 274
56 274
56 274
57 274
57 275
57 275
57 275
57 275
57 276
57 276
57 276
57 276
58 277
58 277
58 277
58 277
58 278
58 278
58 278
58 278
58 279
59 279
59 279
59 279
59 280
59 280
59 280
59 280
59 281
59 281
60 281
60 281
60 282
60 282
60 282
60 282
60 283
60 283
60 283
60 284
61 284
61 284
61 284
61 285
61 285
61 285
61 285
61 286
61 286
61 286
61 286
62 287
62 287
62 287
62 287
62 288
62 288
62 288
62 288
62 289
62 289
62 289
63 290
63 290
