1
466 
111 209
111 209
112 209
112 209
112 209
113 209
113 209
113 209
113 208
114 208
114 208
114 208
114 208
115 208
115 208
115 208
116 208
116 208
116 207
116 207
117 207
117 207
117 207
117 207
118 207
118 207
118 207
119 207
119 206
119 207
119 207
119 207
119 208
119 208
119 208
120 208
120 209
120 209
120 209
120 210
120 210
120 210
120 210
120 211
120 211
120 211
121 211
121 212
121 212
121 212
121 213
121 213
121 213
121 213
121 214
121 214
121 214
122 215
122 215
122 215
122 215
122 216
122 216
122 216
122 217
122 217
122 217
122 217
122 218
123 218
123 218
123 219
123 219
123 219
123 219
123 220
123 220
123 220
123 221
123 221
123 221
123 221
124 222
124 222
124 222
124 222
124 223
124 223
124 223
124 224
124 224
124 224
124 224
124 225
124 225
124 225
125 226
125 226
125 226
125 226
125 227
125 227
125 227
125 228
125 228
125 228
125 228
125 229
125 229
125 229
125 230
125 230
125 230
126 230
126 231
126 231
126 231
126 232
126 232
126 232
126 232
126 233
126 233
126 233
126 234
126 234
126 234
126 234
126 235
126 235
126 235
126 236
126 236
127 236
127 236
127 237
127 237
127 237
127 238
127 238
127 238
127 238
127 239
127 239
127 239
127 240
127 240
127 240
127 240
127 241
127 241
127 241
127 242
127 242
127 242
127 243
127 243
127 243
127 243
127 244
127 244
128 244
128 245
128 245
128 245
128 245
128 246
128 246
128 246
128 247
128 247
128 247
128 247
128 248
128 248
128 248
128 249
128 249
128 249
128 249
128 250
128 250
128 250
128 251
128 251
128 251
128 251
128 252
128 252
128 252
128 253
128 253
128 253
128 253
128 254
128 254
128 254
128 255
128 255
128 255
128 255
128 256
128 256
128 256
128 257
128 257
128 257
128 257
128 258
128 258
128 258
128 259
128 259
128 259
128 260
128 260
128 260
128 260
128 261
128 261
128 261
128 262
128 262
128 262
128 262
128 263
128 263
128 263
128 264
128 264
128 264
128 264
128 265
128 265
128 265
128 266
128 266
128 266
128 266
128 267
128 267
128 267
128 268
128 268
128 268
128 268
128 269
128 269
128 269
128 270
128 270
128 270
128 270
128 271
128 271
128 271
128 272
128 272
128 272
128 272
128 273
127 273
127 273
127 274
127 274
127 274
127 275
127 275
127 275
127 275
127 276
127 276
127 276
127 277
127 277
127 277
127 277
127 278
127 278
127 278
127 279
127 279
127 279
127 279
127 280
127 280
127 280
127 281
127 281
126 281
126 281
126 282
126 282
126 282
126 283
126 283
126 283
126 283
126 284
126 284
126 284
126 285
126 285
126 285
126 285
126 286
126 286
126 286
126 287
125 287
125 287
125 287
125 288
125 288
125 288
125 289
125 289
125 289
125 289
125 290
125 290
125 290
125 291
125 291
125 291
125 291
124 292
124 292
124 292
124 293
124 293
124 293
124 293
124 294
124 294
124 294
124 295
124 295
124 295
124 295
123 296
123 296
123 296
123 297
123 297
123 297
123 297
123 298
123 298
123 298
123 299
123 299
123 299
122 299
122 300
122 300
122 300
122 301
122 301
122 301
122 301
122 302
122 302
122 302
122 303
121 303
121 303
121 303
121 304
121 304
121 304
121 304
121 305
121 305
121 305
121 306
120 306
120 306
120 306
120 307
120 307
120 307
120 308
120 308
120 308
120 308
119 309
119 309
119 309
119 310
119 310
119 310
119 310
119 311
119 311
119 311
118 312
118 312
118 312
118 312
118 313
118 313
118 313
118 313
118 314
117 314
117 314
117 315
117 315
117 315
117 315
117 316
117 316
117 316
116 317
116 317
116 317
116 317
116 318
116 318
116 318
116 318
115 319
115 319
115 319
115 320
115 320
115 320
115 320
115 321
114 321
114 321
114 322
114 322
114 322
114 322
114 323
114 323
113 323
113 323
113 324
113 324
113 324
113 325
113 325
113 325
112 325
112 326
112 326
112 326
112 326
112 327
112 327
111 327
111 328
111 328
111 328
111 328
111 329
111 329
110 329
110 329
110 330
110 330
110 330
110 331
