1
90 
43 189
43 190
44 190
45 191
46 192
47 193
48 194
49 195
50 196
50 197
51 198
52 199
53 200
53 201
54 202
55 203
56 204
56 205
57 206
57 207
58 208
59 209
59 211
60 212
60 213
61 214
61 215
61 216
62 218
62 219
63 220
63 221
63 222
64 224
64 225
64 226
64 227
64 229
65 230
65 231
65 232
65 234
65 235
65 236
65 237
65 239
65 240
65 241
65 243
65 244
65 245
65 246
64 248
64 249
64 250
64 252
63 253
63 254
63 255
62 257
62 258
62 259
61 260
61 262
60 263
60 264
59 265
59 266
58 268
57 269
57 270
56 271
55 272
55 273
54 275
53 276
52 277
52 278
51 279
50 280
49 281
48 282
47 283
46 284
45 285
44 286
43 287
42 288
41 289
40 290
