1
325 
25 154
26 154
26 154
26 154
26 154
26 154
26 154
27 154
27 154
27 154
27 154
28 155
28 155
28 155
28 155
28 155
29 155
29 155
29 155
29 155
29 155
30 155
30 155
30 156
30 156
30 156
31 156
31 156
31 156
31 156
32 156
32 156
32 156
32 156
33 157
33 157
33 157
33 157
33 157
34 157
34 157
34 157
34 157
35 157
35 158
35 158
35 158
36 158
36 158
36 158
36 158
37 158
37 158
37 159
37 159
38 159
38 159
38 159
38 159
39 159
39 159
39 160
39 160
40 160
40 160
40 160
41 160
41 160
41 160
41 161
42 161
42 161
42 161
43 161
43 161
43 161
23 82
24 82
24 83
24 83
24 83
25 83
25 83
25 84
26 84
26 84
26 84
27 85
27 85
27 85
27 85
28 86
28 86
28 86
28 86
29 86
29 87
29 87
30 87
30 87
30 88
30 88
31 88
31 88
31 89
31 89
32 89
32 89
32 90
32 90
33 90
33 91
33 91
33 91
34 91
34 92
34 92
34 92
35 93
35 93
35 93
35 93
36 94
36 94
36 94
36 95
37 95
37 95
37 95
37 96
37 96
38 96
38 97
38 97
38 97
38 98
39 98
39 98
39 98
39 99
39 99
40 99
40 100
40 100
40 100
40 101
41 101
41 101
41 102
41 102
41 102
42 103
42 103
42 103
42 104
42 104
42 104
43 105
43 105
43 105
43 106
43 106
43 106
44 107
44 107
44 107
44 108
44 108
44 108
44 109
45 109
45 109
45 110
45 110
45 110
45 111
45 111
45 111
46 112
46 112
46 112
46 113
46 113
46 114
46 114
46 114
47 115
47 115
47 115
47 116
47 116
47 116
47 117
47 117
47 117
47 118
48 118
48 118
48 119
48 119
48 120
48 120
48 120
48 121
48 121
48 121
48 122
48 122
48 122
49 123
49 123
49 123
49 124
49 124
49 125
49 125
49 125
49 126
49 126
49 126
49 127
49 127
49 127
49 128
49 128
49 129
49 129
49 129
49 130
49 130
49 130
49 131
49 131
49 131
50 132
50 132
50 132
50 133
50 133
50 134
50 134
50 134
50 135
50 135
50 135
50 136
50 136
50 136
50 137
50 137
50 137
49 138
49 138
49 138
49 139
49 139
49 140
49 140
49 140
49 141
49 141
49 141
49 142
49 142
49 142
49 143
49 143
49 143
49 144
49 144
49 144
49 145
49 145
49 145
49 146
49 146
48 146
48 147
48 147
48 147
48 148
48 148
48 148
48 149
48 149
48 149
48 150
48 150
48 150
47 151
47 151
47 151
47 152
47 152
47 152
47 153
47 153
47 153
47 154
47 154
46 154
46 155
46 155
46 155
46 156
46 156
46 156
46 157
46 157
45 157
45 157
45 158
45 158
45 158
45 159
45 159
45 159
44 160
44 160
44 160
44 160
44 161
44 161
44 161
43 162
