1
319 
159 23
159 23
160 23
160 23
160 23
160 23
160 23
160 24
160 24
160 24
160 25
160 25
160 25
160 25
160 26
160 26
160 26
160 26
160 27
160 27
160 27
160 28
159 28
159 28
159 28
159 29
159 29
159 29
159 29
159 30
159 30
159 30
159 30
159 31
159 31
159 31
159 32
158 32
158 32
158 32
158 33
158 33
158 33
158 33
158 34
158 34
158 34
158 34
157 35
157 35
157 35
157 36
157 36
157 36
157 36
157 37
157 37
157 37
156 37
156 38
156 38
156 38
156 38
156 39
156 39
156 39
155 39
155 40
155 40
155 40
155 40
155 41
155 41
154 41
154 41
154 42
154 42
154 42
154 42
154 43
153 43
153 43
153 43
153 44
153 44
153 44
152 44
152 44
152 45
152 45
152 45
152 45
151 46
151 46
151 46
151 46
151 47
150 47
150 47
150 47
150 47
150 48
150 48
149 48
149 48
149 49
149 49
149 49
148 49
148 49
148 50
148 50
148 50
147 50
147 51
147 51
147 51
146 51
146 51
146 52
146 52
146 52
145 52
145 52
145 53
145 53
144 53
144 53
144 53
144 54
144 54
143 54
143 54
143 54
143 54
142 55
142 55
142 55
142 55
141 55
141 56
141 56
141 56
140 56
140 56
140 56
140 57
139 57
139 57
139 57
138 57
138 57
138 58
138 58
137 58
137 58
137 58
137 58
136 59
136 59
136 59
135 59
135 59
135 59
135 59
134 60
134 60
134 60
134 60
133 60
133 60
133 60
132 61
132 61
132 61
131 61
131 61
131 61
131 61
130 61
130 61
130 62
129 62
129 62
129 62
128 62
128 62
128 62
128 62
127 62
127 63
127 63
126 63
126 63
126 63
125 63
125 63
125 63
124 63
124 63
124 63
123 63
123 64
123 64
122 64
122 64
122 64
121 64
121 64
121 64
121 64
120 64
120 64
120 64
119 64
119 64
119 64
118 64
118 64
118 64
117 64
117 64
117 65
116 65
116 65
116 65
115 65
115 65
115 65
114 65
114 65
113 65
113 65
113 65
112 65
112 65
112 65
111 65
111 65
111 65
110 65
110 65
110 65
109 65
109 65
109 65
108 64
108 64
108 64
107 64
107 64
107 64
106 64
106 64
106 64
105 64
105 64
105 64
104 64
104 64
104 64
103 64
103 64
103 64
102 64
102 63
102 63
101 63
101 63
100 63
100 63
100 63
99 63
99 63
99 63
98 63
98 62
98 62
97 62
97 62
97 62
96 62
96 62
96 62
95 62
95 61
95 61
94 61
94 61
94 61
93 61
93 61
93 60
92 60
92 60
92 60
92 60
91 60
91 60
91 59
90 59
90 59
90 59
89 59
89 58
89 58
88 58
88 58
88 58
87 58
87 57
87 57
87 57
86 57
86 57
86 56
85 56
85 56
85 56
