1
124 
34 290
35 290
36 290
36 290
37 290
38 290
39 290
40 290
41 290
42 290
43 290
43 290
44 290
45 290
46 290
47 290
48 290
49 290
50 290
50 290
51 290
52 290
53 290
54 290
55 290
56 290
56 291
57 291
58 291
59 291
60 291
61 291
61 292
62 292
63 292
64 292
65 292
66 293
66 293
67 293
68 293
69 294
70 294
71 294
71 294
72 295
73 295
74 295
75 296
75 296
76 296
77 297
78 297
79 297
79 298
80 298
81 298
82 299
82 299
83 300
84 300
85 300
85 301
86 301
87 302
88 302
88 303
89 303
90 304
90 304
91 305
92 305
93 306
93 306
94 307
95 307
95 308
96 308
97 309
97 309
98 310
99 310
99 311
100 311
100 312
101 313
102 313
102 314
103 314
103 315
104 316
105 316
105 317
106 318
106 318
107 319
108 320
108 320
109 321
109 321
110 322
110 323
111 324
111 324
112 325
112 326
113 326
113 327
114 328
114 328
115 329
115 330
116 331
116 331
116 332
117 333
117 334
118 334
118 335
119 336
119 337
119 338
120 338
120 339
