1
123 
91 279
91 278
91 276
91 275
91 273
91 271
91 270
92 268
92 266
92 264
92 263
92 261
92 259
92 257
92 255
92 253
95 253
97 253
99 253
100 254
102 254
104 255
106 255
108 255
110 256
112 256
114 257
116 257
117 258
119 259
121 259
123 260
124 261
126 261
128 262
129 263
131 264
132 264
134 265
136 266
137 267
139 268
140 269
142 270
143 271
144 272
146 273
147 274
148 275
150 276
151 277
152 278
154 279
155 280
156 281
157 282
158 283
160 284
161 286
162 287
163 288
164 289
165 290
166 292
167 293
168 294
169 295
170 297
171 298
172 299
172 300
173 302
174 303
175 304
176 306
176 307
177 308
178 310
178 311
179 313
180 314
180 315
181 317
182 318
182 319
183 321
183 322
184 324
184 325
185 327
185 328
185 329
186 331
186 332
186 334
187 335
187 337
187 338
188 340
188 341
188 342
188 344
188 345
188 347
189 348
189 350
189 351
189 353
189 354
189 356
189 357
189 359
189 360
189 362
189 363
189 364
188 366
188 367
188 369
188 370
188 372
187 373
187 375
