1
201 
214 1777
214 1777
214 1777
214 1776
215 1776
215 1776
215 1776
215 1775
216 1775
216 1775
216 1774
217 1774
217 1773
217 1773
217 1773
218 1772
218 1772
218 1772
219 1771
219 1771
219 1770
220 1770
220 1770
220 1770
221 1770
221 1771
222 1771
222 1771
222 1772
223 1772
223 1773
223 1773
224 1773
224 1774
224 1774
225 1775
225 1775
225 1776
226 1776
226 1776
226 1777
227 1777
227 1778
227 1778
227 1779
228 1779
228 1780
228 1780
228 1781
229 1781
229 1782
229 1782
229 1783
229 1783
229 1784
230 1784
230 1785
230 1785
230 1786
230 1786
230 1787
230 1787
230 1788
231 1788
231 1789
231 1
231 1
231 2
231 2
231 3
231 3
231 4
231 4
231 5
231 5
231 6
231 6
231 7
231 7
231 8
231 8
230 9
230 9
230 10
230 10
230 11
230 11
230 12
230 12
229 13
229 13
229 14
229 14
229 15
229 15
228 16
228 16
228 17
228 17
227 18
227 18
227 19
227 19
226 20
226 20
226 21
226 21
225 22
225 22
225 22
224 23
224 23
224 24
223 24
223 24
222 25
222 25
222 26
221 26
221 26
220 27
220 27
220 27
219 28
219 28
218 28
218 29
217 29
217 29
216 30
216 30
215 30
215 30
215 31
214 31
214 31
213 31
212 32
212 32
211 32
211 32
210 32
210 33
209 33
209 33
208 33
208 33
207 33
207 33
206 34
205 34
205 34
204 34
204 34
203 34
203 34
202 34
201 34
201 34
200 34
200 34
199 34
198 34
198 34
197 34
197 34
196 34
195 34
195 33
194 33
194 33
193 33
193 33
192 33
191 33
191 32
190 32
190 32
189 32
189 31
188 31
187 31
187 31
186 30
186 30
185 30
185 29
184 29
184 29
183 28
183 28
182 28
182 27
181 27
181 26
180 26
180 26
179 25
179 25
179 24
178 24
