1
174 
14 103
16 103
17 104
19 104
20 104
22 105
23 105
25 105
26 106
28 106
29 107
31 107
32 108
34 109
35 109
37 110
38 110
40 111
41 112
42 112
44 113
45 114
46 115
48 115
49 116
50 117
52 118
53 119
54 120
55 121
56 121
58 122
59 123
60 124
61 125
62 126
63 127
64 128
65 129
67 130
68 131
69 132
70 134
71 135
72 136
72 137
73 138
74 139
75 140
76 141
77 143
78 144
79 145
79 146
80 147
81 149
82 150
82 151
83 152
84 154
85 155
85 156
86 157
86 159
87 160
88 161
88 163
89 164
89 165
90 166
90 168
91 169
91 170
92 172
92 173
93 174
93 176
93 177
94 178
94 180
94 181
95 182
95 184
95 185
96 187
96 188
96 189
96 191
96 192
97 193
97 195
97 196
97 198
97 199
97 200
97 202
97 203
97 205
97 206
97 207
97 209
97 210
97 212
97 213
97 214
97 216
97 217
97 218
97 220
96 221
96 223
96 224
96 225
95 227
95 228
95 230
95 231
94 232
94 234
94 235
93 237
93 238
92 239
92 241
92 242
91 243
91 245
90 246
90 247
89 249
88 250
88 251
87 253
87 254
86 255
85 257
85 258
84 259
83 261
83 262
82 263
81 265
80 266
79 267
79 268
78 270
77 271
76 272
75 273
74 275
73 276
72 277
71 278
70 279
69 280
68 282
67 283
66 284
65 285
63 286
62 287
61 288
60 289
59 290
57 291
56 292
55 293
53 294
52 295
51 296
49 297
48 298
47 299
45 300
