1
406 
131 344
132 344
132 343
132 343
132 343
132 343
133 342
133 342
133 342
133 342
134 342
134 341
134 341
134 341
135 341
135 341
135 340
135 340
135 340
136 340
136 340
136 339
136 339
137 339
137 339
137 338
137 338
137 338
138 338
138 338
138 337
138 337
138 337
139 337
138 337
138 336
138 336
138 336
138 336
137 335
137 335
137 335
137 335
137 335
136 334
136 334
136 334
136 334
135 334
135 333
135 333
135 333
135 333
134 333
134 332
134 332
134 332
134 332
133 332
133 331
133 331
133 331
133 331
133 330
132 330
132 330
132 330
132 330
132 329
131 329
131 329
131 329
131 329
131 328
130 328
130 328
130 328
130 328
130 327
129 327
129 327
129 327
129 326
129 326
129 326
128 326
128 326
128 325
128 325
128 325
127 325
127 325
127 324
127 324
127 324
127 324
126 323
126 323
126 323
126 323
126 323
125 322
125 322
125 322
125 322
125 321
125 321
124 321
124 321
124 321
124 320
124 320
123 320
123 320
123 319
123 319
123 319
123 319
122 318
122 318
122 318
122 318
122 318
122 317
121 317
121 317
121 317
121 316
121 316
121 316
120 316
120 315
120 315
120 315
120 315
119 314
119 314
119 314
119 314
119 313
119 313
118 313
118 313
118 312
118 312
118 312
118 312
117 311
117 311
117 311
117 311
117 310
116 310
116 310
116 310
116 309
116 309
116 309
115 308
115 308
115 308
115 308
115 307
115 307
114 307
114 307
114 306
114 306
114 306
113 305
113 305
113 305
113 305
113 304
113 304
112 304
112 303
112 303
112 303
112 303
111 302
111 302
111 302
111 301
111 301
111 301
110 300
110 300
110 300
110 299
110 299
109 299
109 299
109 298
109 298
109 298
108 297
108 297
108 297
108 296
108 296
108 296
107 295
107 295
107 295
107 294
107 294
106 294
106 293
106 293
106 293
106 292
105 292
105 291
105 291
105 291
105 290
104 290
104 290
64 354
64 354
64 353
64 353
64 352
64 352
64 352
64 351
64 351
64 350
64 350
64 349
64 349
64 349
64 348
64 348
64 347
64 347
64 346
64 346
64 346
64 345
64 345
64 344
64 344
64 343
64 343
64 343
64 342
64 342
64 341
64 341
64 340
64 340
64 340
65 339
65 339
65 338
65 338
65 338
65 337
65 337
65 336
65 336
65 335
66 335
66 335
66 334
66 334
66 333
66 333
66 333
66 332
67 332
67 331
67 331
67 331
67 330
67 330
67 329
68 329
68 328
68 328
68 328
68 327
68 327
69 326
69 326
69 326
69 325
69 325
69 324
70 324
70 324
70 323
70 323
70 323
71 322
71 322
71 321
71 321
72 321
72 320
72 320
72 319
72 319
73 319
73 318
73 318
73 318
74 317
74 317
74 316
74 316
75 316
75 315
75 315
75 315
76 314
76 314
76 314
76 313
77 313
77 313
77 312
77 312
78 311
78 311
78 311
78 310
79 310
79 310
79 309
80 309
80 309
80 308
80 308
81 308
81 307
81 307
82 307
82 306
82 306
82 306
83 305
83 305
83 305
84 305
84 304
84 304
85 304
85 303
85 303
86 303
86 302
86 302
87 302
87 301
87 301
88 301
88 301
88 300
89 300
89 300
89 299
90 299
90 299
90 299
91 298
91 298
91 298
92 297
92 297
92 297
93 297
93 296
93 296
94 296
94 296
94 295
95 295
95 295
95 295
96 294
96 294
96 294
97 294
97 293
97 293
98 293
98 293
99 293
99 292
99 292
100 292
100 292
100 291
101 291
101 291
101 291
102 291
102 290
103 290
103 290
103 290
104 289
104 289
