1
73 
178 23
177 23
177 24
177 25
177 26
176 27
176 27
176 28
175 29
175 30
175 30
174 31
174 32
173 33
173 33
172 34
172 35
171 35
171 36
170 36
170 37
169 38
168 38
168 39
167 39
166 40
166 40
165 41
164 41
163 42
163 42
162 42
161 43
160 43
159 43
158 44
158 44
157 44
156 44
155 45
154 45
153 45
152 45
151 45
150 45
149 45
149 45
148 45
147 45
146 45
145 44
144 44
143 44
142 44
141 44
140 43
139 43
139 43
138 42
137 42
136 41
135 41
134 40
134 40
133 39
132 38
131 38
131 37
130 36
129 36
129 35
128 34
127 33
