1
245 
150 364
151 364
151 364
154 365
155 365
155 365
156 365
156 365
157 366
158 366
158 366
159 366
159 366
160 366
90 244
91 244
92 245
93 245
93 245
94 245
95 246
96 246
96 246
97 247
98 247
98 247
99 248
100 248
100 248
101 249
102 249
102 249
103 250
104 250
104 250
105 251
106 251
106 252
107 252
108 252
108 253
109 253
110 253
110 254
111 254
111 255
112 255
113 255
113 256
114 256
115 257
115 257
116 258
116 258
117 258
117 259
118 259
119 260
119 260
120 261
120 261
121 261
121 262
122 262
123 263
123 263
124 264
124 264
125 265
125 265
126 265
126 266
127 266
127 267
128 267
128 268
129 268
129 269
130 269
130 270
131 270
131 271
132 271
132 272
133 272
133 273
134 273
134 274
134 274
135 275
135 275
136 276
136 276
137 277
137 277
138 278
138 278
138 279
139 279
139 280
140 280
140 281
140 282
141 282
141 283
142 283
142 284
142 284
143 285
143 285
144 286
144 286
144 287
145 287
145 288
145 289
146 289
146 290
146 290
147 291
147 291
147 292
148 292
148 293
148 294
149 294
149 295
149 295
150 296
150 296
150 297
150 298
151 298
151 299
151 299
152 300
152 300
152 301
152 302
153 302
153 303
153 303
153 304
154 305
154 305
154 306
154 306
155 307
155 307
155 308
155 309
156 309
156 310
156 310
156 311
156 312
157 312
157 313
157 313
157 314
157 315
158 315
158 316
158 316
158 317
158 318
158 318
159 319
159 319
159 320
159 321
159 321
159 322
160 322
160 323
160 324
160 324
160 325
160 326
160 326
160 327
161 327
161 328
161 329
161 329
161 330
161 330
161 331
161 332
161 332
161 333
161 333
162 334
162 335
162 335
162 336
162 337
162 337
162 338
162 338
162 339
162 340
162 340
162 341
162 342
162 342
162 343
162 343
162 344
162 345
162 345
162 346
162 346
162 347
162 348
162 348
162 349
162 350
162 350
162 351
162 351
162 352
162 353
162 353
162 354
162 355
162 355
162 356
162 356
162 357
162 358
162 358
162 359
162 359
162 360
161 361
161 361
161 362
161 363
161 363
161 364
161 364
161 365
161 366
161 366
