1
206 
206 9
206 9
206 9
206 10
207 10
207 10
207 10
207 10
208 10
208 10
208 11
208 11
209 11
209 11
209 11
209 11
210 11
210 12
210 12
211 12
211 12
211 12
211 12
212 12
212 13
212 13
213 13
213 13
213 13
214 13
214 14
214 14
215 14
215 14
215 14
216 15
216 15
216 15
217 15
153 26
217 15
153 27
217 15
152 27
218 16
152 28
218 16
218 16
218 17
217 17
217 17
217 18
216 20
215 20
215 20
215 21
215 21
215 21
214 22
214 22
214 22
213 23
213 23
213 23
213 24
212 24
212 24
212 25
212 25
211 25
211 26
211 26
210 26
210 26
210 27
210 27
209 27
209 28
209 28
208 28
208 28
208 29
207 29
207 29
207 29
206 30
206 30
206 30
205 31
205 31
205 31
204 31
204 31
204 32
203 32
203 32
200 34
199 34
199 34
199 34
198 35
198 35
197 35
197 35
197 35
196 36
196 36
195 36
195 36
195 36
194 36
194 36
193 37
193 37
192 37
192 37
192 37
191 37
191 37
190 37
190 38
189 38
189 38
189 38
188 38
188 38
187 38
187 38
186 38
186 38
185 38
185 38
184 38
184 39
184 39
183 39
183 39
182 39
182 39
181 39
181 39
180 39
180 39
179 39
179 39
178 39
178 39
178 39
177 39
177 39
176 39
176 38
175 38
175 38
174 38
174 38
173 38
173 38
172 38
172 38
171 38
171 38
170 38
170 38
170 37
169 37
169 37
168 37
168 37
167 37
167 37
166 36
166 36
165 36
165 36
164 36
164 36
164 35
163 35
163 35
162 35
162 35
161 34
161 34
160 34
160 34
159 33
159 33
159 33
158 33
158 32
157 32
157 32
156 32
156 31
156 31
155 31
155 31
154 30
154 30
154 30
153 29
153 29
152 29
152 28
152 28
