1
185 
81 99
82 99
82 100
83 100
84 100
84 100
85 100
86 101
86 101
87 101
87 101
88 102
89 102
89 102
90 102
90 103
91 103
92 103
92 104
93 104
93 104
94 105
94 105
95 105
96 106
96 106
97 106
97 107
98 107
98 107
99 108
99 108
100 109
100 109
101 109
101 110
102 110
102 111
103 111
103 111
103 112
104 112
104 113
105 113
105 114
106 114
106 115
107 115
107 115
107 116
108 116
108 117
109 117
109 118
109 118
110 119
110 119
110 120
111 120
111 121
111 121
112 122
112 122
112 123
113 123
113 124
113 124
114 125
114 125
114 126
114 126
115 127
115 128
115 128
115 129
116 129
116 130
116 130
116 131
117 131
117 132
117 133
117 133
117 134
118 134
118 135
118 135
118 136
118 136
118 137
119 138
119 138
119 139
119 139
119 140
119 141
119 141
119 142
120 142
120 143
120 143
120 144
120 145
120 145
120 146
120 146
120 147
120 148
120 148
120 149
120 149
120 150
120 150
120 151
120 152
120 152
120 153
120 153
120 154
120 155
120 155
120 156
120 156
120 157
120 158
120 158
120 159
120 159
119 160
119 160
119 161
119 162
119 162
119 163
119 163
119 164
118 164
118 165
118 166
118 166
118 167
118 167
117 168
117 168
117 169
117 170
117 170
116 171
116 171
116 172
116 172
115 173
115 173
115 174
115 174
114 175
114 176
114 176
114 177
113 177
113 178
113 178
112 179
112 179
112 180
111 180
111 181
111 181
110 182
110 182
110 183
109 183
109 184
108 184
108 185
108 185
107 186
107 186
106 187
106 187
106 187
105 188
105 188
104 189
104 189
