1
96 
100 341
99 340
98 340
97 339
96 339
95 338
94 337
93 337
92 336
91 335
89 335
88 334
87 333
86 332
84 331
83 330
82 329
80 328
79 327
77 326
78 325
79 323
81 322
82 321
83 319
84 318
86 317
87 316
88 314
90 313
91 312
92 311
94 310
95 309
97 308
98 308
100 307
101 306
103 305
104 305
106 304
107 304
109 303
111 302
112 302
114 302
115 301
117 301
119 301
120 301
122 300
123 300
125 300
127 300
128 300
130 300
131 300
133 300
134 300
136 301
137 301
139 301
140 302
142 302
143 302
145 303
146 303
148 304
149 304
151 305
152 305
153 306
155 307
156 307
157 308
158 309
160 310
161 310
162 311
163 312
165 313
166 314
167 315
168 316
169 317
170 318
171 319
172 320
173 321
174 322
175 323
176 324
176 325
177 327
178 328
179 329
