1
296 
40 210
41 210
41 210
42 211
42 211
42 211
43 211
43 211
43 211
44 211
44 212
44 212
45 212
45 212
46 212
46 212
46 212
47 213
47 213
48 213
48 213
48 213
49 213
49 214
50 214
50 214
50 214
51 214
51 214
52 215
52 215
52 215
53 215
53 215
54 215
54 216
55 216
55 216
16 111
17 112
17 112
18 112
18 112
18 112
19 113
19 113
20 113
20 113
21 114
21 114
22 114
22 114
22 115
23 115
23 115
24 115
24 116
25 116
25 116
25 116
26 117
26 117
27 117
27 118
27 118
28 118
28 118
29 119
29 119
29 119
30 120
30 120
31 120
31 121
31 121
32 121
32 122
33 122
33 122
33 123
34 123
34 123
34 123
35 124
35 124
35 124
36 125
36 125
37 126
37 126
37 126
38 127
38 127
38 127
39 128
39 128
39 128
40 129
40 129
40 129
41 130
41 130
41 130
42 131
42 131
42 132
42 132
43 132
43 133
43 133
44 133
44 134
44 134
45 135
45 135
45 135
45 136
46 136
46 137
46 137
47 137
47 138
47 138
47 139
48 139
48 139
48 140
48 140
49 141
49 141
49 141
49 142
50 142
50 143
50 143
50 143
51 144
51 144
51 145
51 145
52 146
52 146
52 146
52 147
52 147
53 148
53 148
53 149
53 149
53 149
54 150
54 150
54 151
54 151
54 152
55 152
55 152
55 153
55 153
55 154
56 154
56 155
56 155
56 156
56 156
56 156
57 157
57 157
57 158
57 158
57 159
57 159
57 160
58 160
58 160
58 161
58 161
58 162
58 162
58 163
58 163
59 164
59 164
59 165
59 165
59 165
59 166
59 166
59 167
59 167
60 168
60 168
60 169
60 169
60 170
60 170
60 171
60 171
60 171
60 172
60 172
60 173
61 173
61 174
61 174
61 175
61 175
61 176
61 176
61 177
61 177
61 177
61 178
61 178
61 179
61 179
61 180
61 180
61 181
61 181
61 182
61 182
61 183
61 183
61 184
61 184
61 184
61 185
61 185
61 186
61 186
61 187
61 187
61 188
61 188
61 189
61 189
61 190
61 190
61 191
61 191
61 191
61 192
61 192
61 193
61 193
61 194
61 194
61 195
61 195
61 196
61 196
61 197
61 197
60 198
60 198
60 198
60 199
60 199
60 200
60 200
60 201
60 201
60 202
60 202
60 203
59 203
59 204
59 204
59 204
59 205
59 205
59 206
59 206
59 207
58 207
58 208
58 208
58 209
58 209
58 209
58 210
57 210
57 211
57 211
57 212
57 212
57 213
57 213
56 213
56 214
56 214
56 215
56 215
56 216
55 216
