1
210 
90 50
91 50
91 51
92 51
92 51
93 52
93 52
94 52
94 53
94 53
95 53
95 54
96 54
96 55
97 55
97 55
97 56
98 56
98 56
99 57
99 57
99 58
100 58
100 58
100 59
101 59
101 60
102 60
102 60
102 61
103 61
103 62
103 62
104 63
104 63
104 63
105 64
105 64
105 65
106 65
106 66
106 66
106 67
107 67
107 68
107 68
108 68
108 69
108 69
108 70
109 70
109 71
109 71
109 72
110 72
110 73
110 73
110 74
111 74
111 75
111 75
111 76
111 76
112 77
112 77
112 78
112 78
112 79
112 79
113 80
113 80
113 81
113 81
113 82
113 82
114 83
114 83
114 84
114 84
114 85
114 85
114 86
114 86
115 87
115 87
115 88
115 88
115 89
115 89
115 90
115 90
115 91
115 91
115 92
115 92
116 93
116 93
116 94
116 94
116 95
116 95
116 96
116 96
116 97
116 97
116 98
116 99
116 99
116 100
116 100
116 101
116 101
116 102
116 102
116 103
116 103
116 104
115 104
115 105
115 105
115 106
115 106
115 107
115 107
115 108
115 108
115 109
115 109
115 110
115 110
114 111
114 111
114 112
114 113
114 113
114 114
114 114
114 115
113 115
113 116
113 116
113 117
113 117
113 118
112 118
112 119
112 119
112 120
112 120
111 121
111 121
111 122
111 122
111 123
110 123
110 123
110 124
110 124
109 125
109 125
109 126
109 126
108 127
108 127
108 128
108 128
107 129
107 129
107 130
107 130
106 131
106 131
106 131
105 132
105 132
105 133
104 133
104 134
104 134
103 135
103 135
103 135
102 136
102 136
102 137
101 137
101 138
101 138
100 138
100 139
100 139
99 140
99 140
98 140
98 141
98 141
97 142
97 142
96 142
96 143
96 143
95 143
95 144
94 144
94 144
93 145
93 145
92 146
92 146
92 146
