1
149 
92 22
92 23
92 24
93 25
93 26
93 27
93 28
93 29
93 30
93 31
93 32
93 33
93 34
93 35
93 36
93 37
93 38
93 39
93 40
93 41
93 42
93 43
93 44
93 45
93 46
93 47
93 48
93 49
93 50
92 51
92 52
92 53
92 54
92 55
92 56
91 56
91 57
91 58
91 59
90 60
90 61
90 62
90 63
89 64
89 65
89 65
88 66
88 67
88 68
87 69
87 70
87 71
86 71
86 72
86 73
85 74
85 75
84 76
84 76
84 77
83 78
83 79
82 79
82 80
81 81
81 82
80 83
80 83
79 84
79 85
78 86
78 86
77 87
77 88
76 88
76 89
75 90
75 90
74 91
73 92
73 92
72 93
72 94
71 94
70 95
70 96
69 96
68 97
68 97
67 98
66 99
66 99
65 100
64 100
64 101
63 101
62 102
62 103
61 103
60 104
59 104
59 105
58 105
57 106
57 106
56 106
55 107
54 107
53 108
53 108
52 109
51 109
50 109
50 110
49 110
48 111
47 111
46 111
46 112
45 112
44 112
43 113
42 113
41 113
41 113
40 114
39 114
38 114
37 114
36 115
36 115
35 115
34 115
33 115
32 116
31 116
30 116
30 116
29 116
28 116
27 116
26 116
25 117
24 117
23 117
23 117
22 117
21 117
20 117
