1
215 
111 335
112 335
113 334
114 333
115 333
116 332
117 332
117 331
118 331
119 330
120 330
121 329
122 329
123 328
124 328
125 327
126 327
127 327
128 326
129 326
130 326
130 325
131 325
132 325
133 324
134 324
135 324
136 324
137 323
138 323
139 323
140 323
141 323
142 323
143 323
144 322
145 322
146 322
147 322
148 322
149 322
149 322
150 322
151 322
152 322
153 322
154 322
155 322
156 322
157 322
158 322
159 322
160 323
160 323
161 323
162 323
163 323
164 323
165 324
166 324
167 324
167 324
168 324
169 325
170 325
171 325
172 325
172 326
173 326
174 326
175 327
176 327
176 327
177 328
178 328
179 328
179 329
180 329
181 329
182 330
182 330
183 331
184 331
185 331
185 332
186 332
187 333
187 333
188 334
189 334
189 335
190 335
191 336
191 336
192 337
193 337
193 338
194 338
194 339
195 339
196 340
196 340
197 341
197 341
198 342
198 343
199 343
199 344
200 344
201 345
201 345
202 346
202 347
202 347
203 348
203 349
204 349
204 350
205 350
205 351
206 352
206 352
206 353
207 354
207 354
208 355
208 356
208 356
209 357
209 358
209 358
210 359
210 360
210 360
211 361
211 362
211 363
212 363
212 364
212 365
212 365
213 366
213 367
213 368
213 368
213 369
214 370
214 370
214 371
214 372
214 373
215 373
215 374
215 375
215 376
215 376
215 377
215 378
215 378
216 379
216 380
216 381
216 381
216 382
216 383
216 384
216 384
216 385
216 386
216 387
216 387
216 388
216 389
216 390
216 390
216 391
216 392
216 393
216 393
215 394
215 395
215 396
215 396
215 397
215 398
215 399
215 399
214 400
214 401
214 402
214 402
214 403
214 404
213 404
213 405
213 406
213 407
212 407
212 408
212 409
212 409
211 410
211 411
211 412
210 412
210 413
210 414
210 414
209 415
209 416
208 416
208 417
208 418
207 418
207 419
