1
279 
200 34
200 35
199 35
199 36
199 36
198 37
198 37
198 38
197 38
197 39
197 39
196 40
196 40
196 41
196 41
195 42
195 42
195 43
194 43
194 44
193 44
193 45
193 45
192 45
192 46
192 46
191 47
191 47
191 48
190 48
190 49
189 49
189 50
189 50
188 50
188 51
188 51
187 52
187 52
186 53
186 53
186 54
185 54
185 54
184 55
184 55
183 56
183 56
183 57
182 57
182 57
181 58
181 58
180 59
180 59
180 59
179 60
179 60
178 61
178 61
177 61
177 62
176 62
176 63
175 63
175 63
175 64
174 64
174 65
173 65
173 65
172 66
172 66
171 66
171 67
170 67
170 68
169 68
169 68
168 69
168 69
167 69
167 70
166 70
166 70
165 71
165 71
164 71
163 72
163 72
162 72
162 73
161 73
161 73
160 74
160 74
159 74
159 75
158 75
157 75
157 76
156 76
156 76
155 76
155 77
154 77
153 77
153 78
152 78
152 78
151 78
151 79
150 79
149 79
149 79
148 80
148 80
147 80
146 80
146 81
145 81
145 81
144 81
143 82
143 82
142 82
141 82
141 83
140 83
140 83
139 83
138 83
138 84
137 84
136 84
136 84
135 84
135 85
134 85
133 85
133 85
132 85
131 85
131 86
130 86
129 86
129 86
128 86
127 86
127 86
126 87
125 87
125 87
124 87
123 87
123 87
122 87
121 87
121 88
120 88
119 88
119 88
118 88
117 88
116 88
116 88
115 88
114 88
114 88
113 89
112 89
112 89
111 89
110 89
110 89
109 89
108 89
107 89
107 89
106 89
105 89
105 89
104 89
103 89
102 89
102 89
101 89
100 89
100 89
99 89
98 89
97 89
97 89
96 89
95 89
95 89
94 89
93 89
92 88
92 88
91 88
90 88
90 88
89 88
88 88
87 88
87 88
86 88
85 88
85 88
84 87
83 87
82 87
82 87
81 87
80 87
79 87
79 86
78 86
77 86
77 86
76 86
75 86
74 85
74 85
73 85
72 85
72 85
71 85
70 84
69 84
69 84
68 84
67 83
67 83
66 83
65 83
64 82
64 82
63 82
62 82
62 81
61 81
60 81
59 81
59 80
58 80
57 80
57 80
56 79
55 79
54 79
54 78
53 78
52 78
52 77
51 77
50 77
50 76
49 76
48 76
48 75
47 75
46 75
45 74
45 74
44 73
43 73
43 73
42 72
41 72
41 72
40 71
39 71
39 70
38 70
37 69
37 69
36 69
