1
132 
18 248
19 248
20 248
21 248
22 248
23 248
24 248
25 248
26 248
27 248
28 248
29 248
30 249
30 249
31 249
32 249
33 249
34 250
35 250
36 250
37 250
38 251
39 251
40 251
41 252
42 252
43 252
44 253
45 253
45 254
46 254
47 255
48 255
49 256
50 256
51 257
51 257
52 258
53 258
54 259
55 259
56 260
56 260
57 261
58 262
59 262
59 263
60 264
61 264
61 265
62 266
63 266
64 267
64 268
65 269
66 269
66 270
67 271
67 272
68 273
69 273
69 274
70 275
70 276
71 277
71 278
72 278
72 279
73 280
73 281
74 282
74 283
75 284
75 285
75 286
76 287
76 288
76 289
77 290
77 291
77 292
78 292
78 293
78 294
78 295
79 296
79 298
79 299
79 300
79 301
80 302
80 303
80 304
80 305
80 306
80 307
80 308
80 309
80 310
80 311
80 312
80 313
80 314
80 315
80 317
80 318
80 319
79 320
79 321
79 322
79 323
79 324
78 325
78 326
78 327
77 328
77 330
77 331
76 332
76 333
76 334
75 335
75 336
74 337
74 338
73 339
73 340
72 341
72 342
71 343
70 344
70 345
