1
359 
104 185
104 185
104 184
105 184
105 184
106 184
106 184
106 183
107 183
107 183
107 183
108 183
108 182
108 182
109 182
109 182
109 181
110 181
110 181
111 181
111 181
111 180
112 180
112 180
113 180
113 179
113 179
114 179
114 179
114 179
115 178
115 178
115 179
116 179
116 179
116 180
116 180
117 181
117 181
117 181
117 182
117 182
118 183
118 183
118 183
118 184
118 184
119 185
119 185
119 185
119 186
119 186
120 187
120 187
120 187
120 188
120 188
121 189
121 189
121 189
121 190
121 190
121 191
122 191
122 191
122 192
122 192
122 193
122 193
123 193
123 194
123 194
123 195
123 195
123 195
123 196
124 196
124 197
124 197
124 198
124 198
124 198
125 199
125 199
125 200
125 200
125 200
125 201
125 201
125 202
126 202
126 202
126 203
126 203
126 204
126 204
126 205
126 205
127 205
127 206
127 206
127 207
127 207
127 207
127 208
127 208
127 209
127 209
128 210
128 210
128 210
128 211
128 211
128 212
128 212
128 212
128 213
128 213
128 214
129 214
129 215
129 215
129 215
129 216
129 216
129 217
129 217
129 218
129 218
129 218
129 219
129 219
129 220
129 220
130 220
130 221
130 221
130 222
130 222
130 223
130 223
130 223
130 224
130 224
130 225
130 225
130 226
130 226
130 226
130 227
130 227
130 228
130 228
130 228
130 229
130 229
130 230
130 230
130 231
130 231
130 231
130 232
130 232
130 233
130 233
130 234
130 234
130 234
130 235
130 235
130 236
130 236
130 237
130 237
130 237
130 238
130 238
130 239
130 239
130 239
130 240
130 240
130 241
130 241
130 242
130 242
130 242
130 243
130 243
130 244
130 244
130 245
130 245
130 245
130 246
130 246
130 247
130 247
130 247
130 248
130 248
129 249
129 249
129 250
129 250
129 250
129 251
129 251
129 252
129 252
129 253
129 253
129 253
129 254
129 254
129 255
128 255
128 255
128 256
128 256
128 257
128 257
128 258
128 258
128 258
128 259
128 259
127 260
127 260
127 260
127 261
127 261
127 262
127 262
127 263
127 263
127 263
126 264
126 264
126 265
126 265
126 265
126 266
126 266
126 267
125 267
125 268
125 268
125 268
125 269
125 269
125 270
124 270
124 270
124 271
124 271
124 272
124 272
124 272
123 273
123 273
123 274
123 274
123 274
123 275
123 275
122 276
122 276
122 277
122 277
122 277
122 278
121 278
121 279
121 279
121 279
121 280
120 280
120 281
120 281
120 281
120 282
120 282
119 283
119 283
119 283
119 284
119 284
118 285
118 285
118 285
118 286
118 286
117 287
117 287
117 287
117 288
116 288
116 289
116 289
116 289
116 290
115 290
115 291
115 291
115 291
114 292
114 292
114 293
114 293
113 293
113 294
113 294
113 294
112 295
112 295
112 296
112 296
111 296
111 297
111 297
111 298
110 298
110 298
110 299
110 299
109 299
109 300
109 300
109 301
108 301
108 301
108 302
107 302
107 302
107 303
107 303
106 304
106 304
106 304
105 305
105 305
105 305
105 306
104 306
104 307
104 307
103 307
103 308
103 308
102 308
102 309
102 309
102 310
101 310
101 310
101 311
100 311
100 311
